700 0 0
700 1 0
700 2 2
700 3 2
700 4 2
700 5 2
700 6 2
700 7 2
700 8 2
700 9 2
700 10 2
700 11 2
700 12 2
700 13 2
700 14 2
700 15 2
700 16 2
700 17 2
700 18 2
700 19 2
700 20 2
700 21 2
700 22 2
700 23 2
700 24 2
700 25 2
700 26 2
700 27 2
700 28 2
700 29 2
700 30 2
700 31 2
700 32 2
700 33 2
700 34 2
700 35 2
700 36 2
700 37 2
700 38 2
700 39 2
700 40 2
700 41 2
700 42 2
700 43 2
700 44 2
700 45 2
700 46 2
700 47 2
700 48 2
700 49 2
700 50 2
705 0 0
705 1 2
705 2 2
705 3 2
705 4 2
705 5 2
705 6 2
705 7 2
705 8 2
705 9 2
705 10 2
705 11 2
705 12 2
705 13 2
705 14 2
705 15 2
705 16 2
705 17 2
705 18 2
705 19 2
705 20 2
705 21 2
705 22 2
705 23 2
705 24 2
705 25 2
705 26 2
705 27 2
705 28 2
705 29 2
705 30 2
705 31 2
705 32 2
705 33 2
705 34 2
705 35 2
705 36 2
705 37 2
705 38 2
705 39 2
705 40 2
705 41 2
705 42 2
705 43 2
705 44 2
705 45 2
705 46 2
705 47 2
705 48 2
705 49 2
705 50 2
710 0 0
710 1 0
710 2 2
710 3 2
710 4 2
710 5 2
710 6 2
710 7 2
710 8 2
710 9 2
710 10 2
710 11 2
710 12 2
710 13 2
710 14 2
710 15 2
710 16 2
710 17 2
710 18 2
710 19 2
710 20 2
710 21 2
710 22 2
710 23 2
710 24 2
710 25 2
710 26 2
710 27 2
710 28 2
710 29 2
710 30 2
710 31 2
710 32 2
710 33 2
710 34 2
710 35 2
710 36 2
710 37 2
710 38 2
710 39 2
710 40 2
710 41 2
710 42 2
710 43 2
710 44 2
710 45 2
710 46 2
710 47 2
710 48 2
710 49 2
710 50 2
715 0 0
715 1 2
715 2 2
715 3 2
715 4 2
715 5 2
715 6 2
715 7 2
715 8 2
715 9 2
715 10 2
715 11 2
715 12 2
715 13 2
715 14 2
715 15 2
715 16 2
715 17 2
715 18 2
715 19 2
715 20 2
715 21 2
715 22 2
715 23 2
715 24 2
715 25 2
715 26 2
715 27 2
715 28 2
715 29 2
715 30 2
715 31 2
715 32 2
715 33 2
715 34 2
715 35 2
715 36 2
715 37 2
715 38 2
715 39 2
715 40 2
715 41 2
715 42 2
715 43 2
715 44 2
715 45 2
715 46 2
715 47 2
715 48 2
715 49 2
715 50 2
720 0 0
720 1 0
720 2 2
720 3 2
720 4 2
720 5 2
720 6 2
720 7 2
720 8 2
720 9 2
720 10 2
720 11 2
720 12 2
720 13 2
720 14 2
720 15 2
720 16 2
720 17 2
720 18 2
720 19 2
720 20 2
720 21 2
720 22 2
720 23 2
720 24 2
720 25 2
720 26 2
720 27 2
720 28 2
720 29 2
720 30 2
720 31 2
720 32 2
720 33 2
720 34 2
720 35 2
720 36 2
720 37 2
720 38 2
720 39 2
720 40 2
720 41 2
720 42 2
720 43 2
720 44 2
720 45 2
720 46 2
720 47 2
720 48 2
720 49 2
720 50 2
725 0 0
725 1 0
725 2 2
725 3 2
725 4 2
725 5 2
725 6 2
725 7 2
725 8 2
725 9 2
725 10 2
725 11 2
725 12 2
725 13 2
725 14 2
725 15 2
725 16 2
725 17 2
725 18 2
725 19 2
725 20 2
725 21 2
725 22 2
725 23 2
725 24 2
725 25 2
725 26 2
725 27 2
725 28 2
725 29 2
725 30 2
725 31 2
725 32 2
725 33 2
725 34 2
725 35 2
725 36 2
725 37 2
725 38 2
725 39 2
725 40 2
725 41 2
725 42 2
725 43 2
725 44 2
725 45 2
725 46 2
725 47 2
725 48 2
725 49 2
725 50 2
730 0 0
730 1 0
730 2 2
730 3 2
730 4 2
730 5 2
730 6 2
730 7 2
730 8 2
730 9 2
730 10 2
730 11 2
730 12 2
730 13 2
730 14 2
730 15 2
730 16 2
730 17 2
730 18 2
730 19 2
730 20 2
730 21 2
730 22 2
730 23 2
730 24 2
730 25 2
730 26 2
730 27 2
730 28 2
730 29 2
730 30 2
730 31 2
730 32 2
730 33 2
730 34 2
730 35 2
730 36 2
730 37 2
730 38 2
730 39 2
730 40 2
730 41 2
730 42 2
730 43 2
730 44 2
730 45 2
730 46 2
730 47 2
730 48 2
730 49 2
730 50 2
735 0 0
735 1 0
735 2 2
735 3 2
735 4 2
735 5 2
735 6 2
735 7 2
735 8 2
735 9 2
735 10 2
735 11 2
735 12 2
735 13 2
735 14 2
735 15 2
735 16 2
735 17 2
735 18 2
735 19 2
735 20 2
735 21 2
735 22 2
735 23 2
735 24 2
735 25 2
735 26 2
735 27 2
735 28 2
735 29 2
735 30 2
735 31 2
735 32 2
735 33 2
735 34 2
735 35 2
735 36 2
735 37 2
735 38 2
735 39 2
735 40 2
735 41 2
735 42 2
735 43 2
735 44 2
735 45 2
735 46 2
735 47 2
735 48 2
735 49 2
735 50 2
740 0 0
740 1 0
740 2 0
740 3 2
740 4 2
740 5 2
740 6 2
740 7 2
740 8 2
740 9 2
740 10 2
740 11 2
740 12 2
740 13 2
740 14 2
740 15 2
740 16 2
740 17 2
740 18 2
740 19 2
740 20 2
740 21 2
740 22 2
740 23 2
740 24 2
740 25 2
740 26 2
740 27 2
740 28 2
740 29 2
740 30 2
740 31 2
740 32 2
740 33 2
740 34 2
740 35 2
740 36 2
740 37 2
740 38 2
740 39 2
740 40 2
740 41 2
740 42 2
740 43 2
740 44 2
740 45 2
740 46 2
740 47 2
740 48 2
740 49 2
740 50 2
745 0 0
745 1 0
745 2 0
745 3 0
745 4 2
745 5 2
745 6 2
745 7 2
745 8 2
745 9 2
745 10 2
745 11 2
745 12 2
745 13 2
745 14 2
745 15 2
745 16 2
745 17 2
745 18 2
745 19 2
745 20 2
745 21 2
745 22 2
745 23 2
745 24 2
745 25 2
745 26 2
745 27 2
745 28 2
745 29 2
745 30 2
745 31 2
745 32 2
745 33 2
745 34 2
745 35 2
745 36 2
745 37 2
745 38 2
745 39 2
745 40 2
745 41 2
745 42 2
745 43 2
745 44 2
745 45 2
745 46 2
745 47 2
745 48 2
745 49 2
745 50 2
750 0 0
750 1 0
750 2 0
750 3 2
750 4 2
750 5 2
750 6 2
750 7 2
750 8 2
750 9 2
750 10 2
750 11 2
750 12 2
750 13 2
750 14 2
750 15 2
750 16 2
750 17 2
750 18 2
750 19 2
750 20 2
750 21 2
750 22 2
750 23 2
750 24 2
750 25 2
750 26 2
750 27 2
750 28 2
750 29 2
750 30 2
750 31 2
750 32 2
750 33 2
750 34 2
750 35 2
750 36 2
750 37 2
750 38 2
750 39 2
750 40 2
750 41 2
750 42 2
750 43 2
750 44 2
750 45 2
750 46 2
750 47 2
750 48 2
750 49 2
750 50 2
755 0 0
755 1 0
755 2 0
755 3 2
755 4 2
755 5 2
755 6 2
755 7 2
755 8 2
755 9 2
755 10 2
755 11 2
755 12 2
755 13 2
755 14 2
755 15 2
755 16 2
755 17 2
755 18 2
755 19 2
755 20 2
755 21 2
755 22 2
755 23 2
755 24 2
755 25 2
755 26 2
755 27 2
755 28 2
755 29 2
755 30 2
755 31 2
755 32 2
755 33 2
755 34 2
755 35 2
755 36 2
755 37 2
755 38 2
755 39 2
755 40 2
755 41 2
755 42 2
755 43 2
755 44 2
755 45 2
755 46 2
755 47 2
755 48 2
755 49 2
755 50 2
760 0 0
760 1 0
760 2 0
760 3 2
760 4 2
760 5 2
760 6 2
760 7 2
760 8 2
760 9 2
760 10 2
760 11 2
760 12 2
760 13 2
760 14 2
760 15 2
760 16 2
760 17 2
760 18 2
760 19 2
760 20 2
760 21 2
760 22 2
760 23 2
760 24 2
760 25 2
760 26 2
760 27 2
760 28 2
760 29 2
760 30 2
760 31 2
760 32 2
760 33 2
760 34 2
760 35 2
760 36 2
760 37 2
760 38 2
760 39 2
760 40 2
760 41 2
760 42 2
760 43 2
760 44 2
760 45 2
760 46 2
760 47 2
760 48 2
760 49 2
760 50 2
765 0 0
765 1 0
765 2 0
765 3 2
765 4 2
765 5 2
765 6 2
765 7 2
765 8 2
765 9 2
765 10 2
765 11 2
765 12 2
765 13 2
765 14 2
765 15 2
765 16 2
765 17 2
765 18 2
765 19 2
765 20 2
765 21 2
765 22 2
765 23 2
765 24 2
765 25 2
765 26 2
765 27 2
765 28 2
765 29 2
765 30 2
765 31 2
765 32 2
765 33 2
765 34 2
765 35 2
765 36 2
765 37 2
765 38 2
765 39 2
765 40 2
765 41 2
765 42 2
765 43 2
765 44 2
765 45 2
765 46 2
765 47 2
765 48 2
765 49 2
765 50 2
770 0 0
770 1 0
770 2 2
770 3 0
770 4 2
770 5 2
770 6 2
770 7 2
770 8 2
770 9 2
770 10 2
770 11 2
770 12 2
770 13 2
770 14 2
770 15 2
770 16 2
770 17 2
770 18 2
770 19 2
770 20 2
770 21 2
770 22 2
770 23 2
770 24 2
770 25 2
770 26 2
770 27 2
770 28 2
770 29 2
770 30 2
770 31 2
770 32 2
770 33 2
770 34 2
770 35 2
770 36 2
770 37 2
770 38 2
770 39 2
770 40 2
770 41 2
770 42 2
770 43 2
770 44 2
770 45 2
770 46 2
770 47 2
770 48 2
770 49 2
770 50 2
775 0 0
775 1 0
775 2 0
775 3 0
775 4 2
775 5 2
775 6 2
775 7 2
775 8 2
775 9 2
775 10 2
775 11 2
775 12 2
775 13 2
775 14 2
775 15 2
775 16 2
775 17 2
775 18 2
775 19 2
775 20 2
775 21 2
775 22 2
775 23 2
775 24 2
775 25 2
775 26 2
775 27 2
775 28 2
775 29 2
775 30 2
775 31 2
775 32 2
775 33 2
775 34 2
775 35 2
775 36 2
775 37 2
775 38 2
775 39 2
775 40 2
775 41 2
775 42 2
775 43 2
775 44 2
775 45 2
775 46 2
775 47 2
775 48 2
775 49 2
775 50 2
780 0 0
780 1 0
780 2 0
780 3 2
780 4 2
780 5 2
780 6 2
780 7 2
780 8 2
780 9 2
780 10 2
780 11 2
780 12 2
780 13 2
780 14 2
780 15 2
780 16 2
780 17 2
780 18 2
780 19 2
780 20 2
780 21 2
780 22 2
780 23 2
780 24 2
780 25 2
780 26 2
780 27 2
780 28 2
780 29 2
780 30 2
780 31 2
780 32 2
780 33 2
780 34 2
780 35 2
780 36 2
780 37 2
780 38 2
780 39 2
780 40 2
780 41 2
780 42 2
780 43 2
780 44 2
780 45 2
780 46 2
780 47 2
780 48 2
780 49 2
780 50 2
785 0 0
785 1 0
785 2 0
785 3 0
785 4 2
785 5 2
785 6 2
785 7 2
785 8 2
785 9 2
785 10 2
785 11 2
785 12 2
785 13 2
785 14 2
785 15 2
785 16 2
785 17 2
785 18 2
785 19 2
785 20 2
785 21 2
785 22 2
785 23 2
785 24 2
785 25 2
785 26 2
785 27 2
785 28 2
785 29 2
785 30 2
785 31 2
785 32 2
785 33 2
785 34 2
785 35 2
785 36 2
785 37 2
785 38 2
785 39 2
785 40 2
785 41 2
785 42 2
785 43 2
785 44 2
785 45 2
785 46 2
785 47 2
785 48 2
785 49 2
785 50 2
790 0 0
790 1 0
790 2 0
790 3 0
790 4 0
790 5 2
790 6 2
790 7 2
790 8 2
790 9 2
790 10 2
790 11 2
790 12 2
790 13 2
790 14 2
790 15 2
790 16 2
790 17 2
790 18 2
790 19 2
790 20 2
790 21 2
790 22 2
790 23 2
790 24 2
790 25 2
790 26 2
790 27 2
790 28 2
790 29 2
790 30 2
790 31 2
790 32 2
790 33 2
790 34 2
790 35 2
790 36 2
790 37 2
790 38 2
790 39 2
790 40 2
790 41 2
790 42 2
790 43 2
790 44 2
790 45 2
790 46 2
790 47 2
790 48 2
790 49 2
790 50 2
795 0 0
795 1 0
795 2 0
795 3 0
795 4 2
795 5 2
795 6 2
795 7 2
795 8 2
795 9 2
795 10 2
795 11 2
795 12 2
795 13 2
795 14 2
795 15 2
795 16 2
795 17 2
795 18 2
795 19 2
795 20 2
795 21 2
795 22 2
795 23 2
795 24 2
795 25 2
795 26 2
795 27 2
795 28 2
795 29 2
795 30 2
795 31 2
795 32 2
795 33 2
795 34 2
795 35 2
795 36 2
795 37 2
795 38 2
795 39 2
795 40 2
795 41 2
795 42 2
795 43 2
795 44 2
795 45 2
795 46 2
795 47 2
795 48 2
795 49 2
795 50 2
800 0 0
800 1 0
800 2 0
800 3 0
800 4 0
800 5 2
800 6 2
800 7 2
800 8 2
800 9 2
800 10 2
800 11 2
800 12 2
800 13 2
800 14 2
800 15 2
800 16 2
800 17 2
800 18 2
800 19 2
800 20 2
800 21 2
800 22 2
800 23 2
800 24 2
800 25 2
800 26 2
800 27 2
800 28 2
800 29 2
800 30 2
800 31 2
800 32 2
800 33 2
800 34 2
800 35 2
800 36 2
800 37 2
800 38 2
800 39 2
800 40 2
800 41 2
800 42 2
800 43 2
800 44 2
800 45 2
800 46 2
800 47 2
800 48 2
800 49 2
800 50 2
805 0 0
805 1 0
805 2 0
805 3 0
805 4 0
805 5 0
805 6 0
805 7 2
805 8 2
805 9 2
805 10 2
805 11 2
805 12 2
805 13 2
805 14 2
805 15 2
805 16 2
805 17 2
805 18 2
805 19 2
805 20 2
805 21 2
805 22 2
805 23 2
805 24 2
805 25 2
805 26 2
805 27 2
805 28 2
805 29 2
805 30 2
805 31 2
805 32 2
805 33 2
805 34 2
805 35 2
805 36 2
805 37 2
805 38 2
805 39 2
805 40 2
805 41 2
805 42 2
805 43 2
805 44 2
805 45 2
805 46 2
805 47 2
805 48 2
805 49 2
805 50 2
810 0 0
810 1 0
810 2 0
810 3 0
810 4 0
810 5 2
810 6 0
810 7 2
810 8 2
810 9 2
810 10 2
810 11 2
810 12 2
810 13 2
810 14 2
810 15 2
810 16 2
810 17 2
810 18 2
810 19 2
810 20 2
810 21 2
810 22 2
810 23 2
810 24 2
810 25 2
810 26 2
810 27 2
810 28 2
810 29 2
810 30 2
810 31 2
810 32 2
810 33 2
810 34 2
810 35 2
810 36 2
810 37 2
810 38 2
810 39 2
810 40 2
810 41 2
810 42 2
810 43 2
810 44 2
810 45 2
810 46 2
810 47 2
810 48 2
810 49 2
810 50 2
815 0 0
815 1 0
815 2 0
815 3 0
815 4 0
815 5 0
815 6 2
815 7 2
815 8 2
815 9 2
815 10 2
815 11 2
815 12 2
815 13 2
815 14 2
815 15 2
815 16 2
815 17 2
815 18 2
815 19 2
815 20 2
815 21 2
815 22 2
815 23 2
815 24 2
815 25 2
815 26 2
815 27 2
815 28 2
815 29 2
815 30 2
815 31 2
815 32 2
815 33 2
815 34 2
815 35 2
815 36 2
815 37 2
815 38 2
815 39 2
815 40 2
815 41 2
815 42 2
815 43 2
815 44 2
815 45 2
815 46 2
815 47 2
815 48 2
815 49 2
815 50 2
820 0 0
820 1 0
820 2 0
820 3 0
820 4 0
820 5 0
820 6 2
820 7 0
820 8 2
820 9 2
820 10 2
820 11 2
820 12 2
820 13 2
820 14 2
820 15 2
820 16 2
820 17 2
820 18 2
820 19 2
820 20 2
820 21 2
820 22 2
820 23 2
820 24 2
820 25 2
820 26 2
820 27 2
820 28 2
820 29 2
820 30 2
820 31 2
820 32 2
820 33 2
820 34 2
820 35 2
820 36 2
820 37 2
820 38 2
820 39 2
820 40 2
820 41 2
820 42 2
820 43 2
820 44 2
820 45 2
820 46 2
820 47 2
820 48 2
820 49 2
820 50 2
825 0 0
825 1 0
825 2 0
825 3 2
825 4 0
825 5 0
825 6 2
825 7 2
825 8 0
825 9 2
825 10 2
825 11 2
825 12 2
825 13 2
825 14 2
825 15 2
825 16 2
825 17 2
825 18 2
825 19 2
825 20 2
825 21 2
825 22 2
825 23 2
825 24 2
825 25 2
825 26 2
825 27 2
825 28 2
825 29 2
825 30 2
825 31 2
825 32 2
825 33 2
825 34 2
825 35 2
825 36 2
825 37 2
825 38 2
825 39 2
825 40 2
825 41 2
825 42 2
825 43 2
825 44 2
825 45 2
825 46 2
825 47 2
825 48 2
825 49 2
825 50 2
830 0 0
830 1 0
830 2 0
830 3 0
830 4 0
830 5 0
830 6 2
830 7 0
830 8 2
830 9 2
830 10 2
830 11 2
830 12 2
830 13 2
830 14 2
830 15 2
830 16 2
830 17 2
830 18 2
830 19 2
830 20 2
830 21 2
830 22 2
830 23 2
830 24 2
830 25 2
830 26 2
830 27 2
830 28 2
830 29 2
830 30 2
830 31 2
830 32 2
830 33 2
830 34 2
830 35 2
830 36 2
830 37 2
830 38 2
830 39 2
830 40 2
830 41 2
830 42 2
830 43 2
830 44 2
830 45 2
830 46 2
830 47 2
830 48 2
830 49 2
830 50 2
835 0 0
835 1 0
835 2 0
835 3 0
835 4 0
835 5 0
835 6 0
835 7 2
835 8 2
835 9 2
835 10 2
835 11 2
835 12 2
835 13 2
835 14 2
835 15 2
835 16 2
835 17 2
835 18 2
835 19 2
835 20 2
835 21 2
835 22 2
835 23 2
835 24 2
835 25 2
835 26 2
835 27 2
835 28 2
835 29 2
835 30 2
835 31 2
835 32 2
835 33 2
835 34 2
835 35 2
835 36 2
835 37 2
835 38 2
835 39 2
835 40 2
835 41 2
835 42 2
835 43 2
835 44 2
835 45 2
835 46 2
835 47 2
835 48 2
835 49 2
835 50 2
840 0 0
840 1 0
840 2 0
840 3 0
840 4 0
840 5 0
840 6 0
840 7 2
840 8 2
840 9 0
840 10 0
840 11 2
840 12 2
840 13 2
840 14 2
840 15 2
840 16 2
840 17 2
840 18 2
840 19 2
840 20 2
840 21 2
840 22 2
840 23 2
840 24 2
840 25 2
840 26 2
840 27 2
840 28 2
840 29 2
840 30 2
840 31 2
840 32 2
840 33 2
840 34 2
840 35 2
840 36 2
840 37 2
840 38 2
840 39 2
840 40 2
840 41 2
840 42 2
840 43 2
840 44 2
840 45 2
840 46 2
840 47 2
840 48 2
840 49 2
840 50 2
845 0 0
845 1 0
845 2 0
845 3 0
845 4 0
845 5 0
845 6 2
845 7 2
845 8 2
845 9 2
845 10 0
845 11 2
845 12 2
845 13 2
845 14 2
845 15 2
845 16 2
845 17 2
845 18 2
845 19 2
845 20 2
845 21 2
845 22 2
845 23 2
845 24 2
845 25 2
845 26 2
845 27 2
845 28 2
845 29 2
845 30 2
845 31 2
845 32 2
845 33 2
845 34 2
845 35 2
845 36 2
845 37 2
845 38 2
845 39 2
845 40 2
845 41 2
845 42 2
845 43 2
845 44 2
845 45 2
845 46 2
845 47 2
845 48 2
845 49 2
845 50 2
850 0 0
850 1 0
850 2 0
850 3 0
850 4 0
850 5 0
850 6 0
850 7 0
850 8 2
850 9 0
850 10 2
850 11 2
850 12 2
850 13 2
850 14 2
850 15 2
850 16 2
850 17 2
850 18 2
850 19 2
850 20 2
850 21 2
850 22 2
850 23 2
850 24 2
850 25 2
850 26 2
850 27 2
850 28 2
850 29 2
850 30 2
850 31 2
850 32 2
850 33 2
850 34 2
850 35 2
850 36 2
850 37 2
850 38 2
850 39 2
850 40 2
850 41 2
850 42 2
850 43 2
850 44 2
850 45 2
850 46 2
850 47 2
850 48 2
850 49 2
850 50 2
855 0 0
855 1 0
855 2 0
855 3 0
855 4 0
855 5 0
855 6 0
855 7 0
855 8 2
855 9 2
855 10 2
855 11 2
855 12 2
855 13 2
855 14 2
855 15 2
855 16 2
855 17 2
855 18 2
855 19 2
855 20 2
855 21 2
855 22 2
855 23 2
855 24 2
855 25 2
855 26 2
855 27 2
855 28 2
855 29 2
855 30 2
855 31 2
855 32 2
855 33 2
855 34 2
855 35 2
855 36 2
855 37 2
855 38 2
855 39 2
855 40 2
855 41 2
855 42 2
855 43 2
855 44 2
855 45 2
855 46 2
855 47 2
855 48 2
855 49 2
855 50 2
860 0 0
860 1 0
860 2 0
860 3 0
860 4 0
860 5 0
860 6 0
860 7 0
860 8 2
860 9 2
860 10 2
860 11 0
860 12 2
860 13 2
860 14 2
860 15 2
860 16 2
860 17 2
860 18 2
860 19 2
860 20 2
860 21 2
860 22 2
860 23 2
860 24 2
860 25 2
860 26 2
860 27 2
860 28 2
860 29 2
860 30 2
860 31 2
860 32 2
860 33 2
860 34 2
860 35 2
860 36 2
860 37 2
860 38 2
860 39 2
860 40 2
860 41 2
860 42 2
860 43 2
860 44 2
860 45 2
860 46 2
860 47 2
860 48 2
860 49 2
860 50 2
865 0 0
865 1 0
865 2 0
865 3 0
865 4 0
865 5 0
865 6 0
865 7 0
865 8 0
865 9 2
865 10 0
865 11 2
865 12 0
865 13 2
865 14 2
865 15 2
865 16 2
865 17 2
865 18 2
865 19 2
865 20 2
865 21 2
865 22 2
865 23 2
865 24 2
865 25 2
865 26 2
865 27 2
865 28 2
865 29 2
865 30 2
865 31 2
865 32 2
865 33 2
865 34 2
865 35 2
865 36 2
865 37 2
865 38 2
865 39 2
865 40 2
865 41 2
865 42 2
865 43 2
865 44 2
865 45 2
865 46 2
865 47 2
865 48 2
865 49 2
865 50 2
870 0 0
870 1 0
870 2 0
870 3 0
870 4 0
870 5 0
870 6 0
870 7 0
870 8 0
870 9 0
870 10 0
870 11 0
870 12 0
870 13 2
870 14 2
870 15 2
870 16 2
870 17 2
870 18 2
870 19 2
870 20 2
870 21 2
870 22 2
870 23 2
870 24 2
870 25 2
870 26 2
870 27 2
870 28 2
870 29 2
870 30 2
870 31 2
870 32 2
870 33 2
870 34 2
870 35 2
870 36 2
870 37 2
870 38 2
870 39 2
870 40 2
870 41 2
870 42 2
870 43 2
870 44 2
870 45 2
870 46 2
870 47 2
870 48 2
870 49 2
870 50 2
875 0 0
875 1 0
875 2 0
875 3 0
875 4 0
875 5 0
875 6 0
875 7 0
875 8 0
875 9 2
875 10 0
875 11 0
875 12 0
875 13 2
875 14 2
875 15 2
875 16 2
875 17 2
875 18 2
875 19 2
875 20 2
875 21 2
875 22 2
875 23 2
875 24 2
875 25 2
875 26 2
875 27 2
875 28 2
875 29 2
875 30 2
875 31 2
875 32 2
875 33 2
875 34 2
875 35 2
875 36 2
875 37 2
875 38 2
875 39 2
875 40 2
875 41 2
875 42 2
875 43 2
875 44 2
875 45 2
875 46 2
875 47 2
875 48 2
875 49 2
875 50 2
880 0 0
880 1 0
880 2 0
880 3 0
880 4 0
880 5 0
880 6 0
880 7 0
880 8 0
880 9 0
880 10 0
880 11 0
880 12 0
880 13 2
880 14 2
880 15 0
880 16 2
880 17 2
880 18 2
880 19 2
880 20 2
880 21 2
880 22 2
880 23 2
880 24 2
880 25 2
880 26 2
880 27 2
880 28 2
880 29 2
880 30 2
880 31 2
880 32 2
880 33 2
880 34 2
880 35 2
880 36 2
880 37 2
880 38 2
880 39 2
880 40 2
880 41 2
880 42 2
880 43 2
880 44 2
880 45 2
880 46 2
880 47 2
880 48 2
880 49 2
880 50 2
885 0 0
885 1 0
885 2 0
885 3 0
885 4 0
885 5 0
885 6 0
885 7 0
885 8 2
885 9 0
885 10 0
885 11 0
885 12 0
885 13 0
885 14 2
885 15 2
885 16 2
885 17 0
885 18 2
885 19 2
885 20 2
885 21 2
885 22 2
885 23 2
885 24 2
885 25 2
885 26 2
885 27 2
885 28 2
885 29 2
885 30 2
885 31 2
885 32 2
885 33 2
885 34 2
885 35 2
885 36 2
885 37 2
885 38 2
885 39 2
885 40 2
885 41 2
885 42 2
885 43 2
885 44 2
885 45 2
885 46 2
885 47 2
885 48 2
885 49 2
885 50 2
890 0 0
890 1 0
890 2 0
890 3 0
890 4 0
890 5 0
890 6 0
890 7 0
890 8 0
890 9 0
890 10 0
890 11 0
890 12 0
890 13 0
890 14 0
890 15 0
890 16 2
890 17 2
890 18 2
890 19 2
890 20 2
890 21 2
890 22 2
890 23 2
890 24 2
890 25 2
890 26 2
890 27 2
890 28 2
890 29 2
890 30 2
890 31 2
890 32 2
890 33 2
890 34 2
890 35 2
890 36 2
890 37 2
890 38 2
890 39 2
890 40 2
890 41 2
890 42 2
890 43 2
890 44 2
890 45 2
890 46 2
890 47 2
890 48 2
890 49 2
890 50 2
895 0 0
895 1 0
895 2 0
895 3 0
895 4 0
895 5 0
895 6 0
895 7 0
895 8 0
895 9 0
895 10 0
895 11 0
895 12 0
895 13 0
895 14 2
895 15 0
895 16 2
895 17 2
895 18 2
895 19 2
895 20 2
895 21 2
895 22 2
895 23 2
895 24 2
895 25 2
895 26 2
895 27 2
895 28 2
895 29 2
895 30 2
895 31 2
895 32 2
895 33 2
895 34 2
895 35 2
895 36 2
895 37 2
895 38 2
895 39 2
895 40 2
895 41 2
895 42 2
895 43 2
895 44 2
895 45 2
895 46 2
895 47 2
895 48 2
895 49 2
895 50 2
900 0 0
900 1 0
900 2 0
900 3 0
900 4 0
900 5 0
900 6 0
900 7 0
900 8 0
900 9 0
900 10 0
900 11 0
900 12 0
900 13 0
900 14 0
900 15 0
900 16 2
900 17 2
900 18 2
900 19 2
900 20 2
900 21 2
900 22 2
900 23 2
900 24 2
900 25 2
900 26 2
900 27 2
900 28 2
900 29 2
900 30 2
900 31 2
900 32 2
900 33 2
900 34 2
900 35 2
900 36 2
900 37 2
900 38 2
900 39 2
900 40 2
900 41 2
900 42 2
900 43 2
900 44 2
900 45 2
900 46 2
900 47 2
900 48 2
900 49 2
900 50 2
905 0 0
905 1 0
905 2 0
905 3 0
905 4 0
905 5 0
905 6 0
905 7 0
905 8 0
905 9 0
905 10 0
905 11 0
905 12 0
905 13 0
905 14 2
905 15 0
905 16 0
905 17 0
905 18 2
905 19 2
905 20 2
905 21 2
905 22 2
905 23 2
905 24 2
905 25 2
905 26 2
905 27 2
905 28 2
905 29 2
905 30 2
905 31 2
905 32 2
905 33 2
905 34 2
905 35 2
905 36 2
905 37 2
905 38 2
905 39 2
905 40 2
905 41 2
905 42 2
905 43 2
905 44 2
905 45 2
905 46 2
905 47 2
905 48 2
905 49 2
905 50 2
910 0 0
910 1 0
910 2 0
910 3 0
910 4 0
910 5 0
910 6 0
910 7 0
910 8 0
910 9 0
910 10 0
910 11 0
910 12 0
910 13 0
910 14 0
910 15 0
910 16 2
910 17 0
910 18 2
910 19 2
910 20 2
910 21 2
910 22 2
910 23 2
910 24 2
910 25 2
910 26 2
910 27 2
910 28 2
910 29 2
910 30 2
910 31 2
910 32 2
910 33 2
910 34 2
910 35 2
910 36 2
910 37 2
910 38 2
910 39 2
910 40 2
910 41 2
910 42 2
910 43 2
910 44 2
910 45 2
910 46 2
910 47 2
910 48 2
910 49 2
910 50 2
915 0 0
915 1 0
915 2 0
915 3 0
915 4 0
915 5 0
915 6 0
915 7 0
915 8 0
915 9 0
915 10 0
915 11 0
915 12 0
915 13 0
915 14 0
915 15 0
915 16 2
915 17 0
915 18 0
915 19 0
915 20 0
915 21 2
915 22 2
915 23 2
915 24 2
915 25 2
915 26 2
915 27 2
915 28 2
915 29 2
915 30 2
915 31 2
915 32 2
915 33 2
915 34 2
915 35 2
915 36 2
915 37 2
915 38 2
915 39 2
915 40 2
915 41 2
915 42 2
915 43 2
915 44 2
915 45 2
915 46 2
915 47 2
915 48 2
915 49 2
915 50 2
920 0 0
920 1 0
920 2 0
920 3 0
920 4 0
920 5 0
920 6 0
920 7 0
920 8 0
920 9 0
920 10 0
920 11 0
920 12 0
920 13 0
920 14 0
920 15 0
920 16 0
920 17 2
920 18 0
920 19 2
920 20 0
920 21 2
920 22 2
920 23 2
920 24 2
920 25 2
920 26 2
920 27 2
920 28 2
920 29 2
920 30 2
920 31 2
920 32 2
920 33 2
920 34 2
920 35 2
920 36 2
920 37 2
920 38 2
920 39 2
920 40 2
920 41 2
920 42 2
920 43 2
920 44 2
920 45 2
920 46 2
920 47 2
920 48 2
920 49 2
920 50 2
925 0 0
925 1 0
925 2 0
925 3 0
925 4 0
925 5 0
925 6 0
925 7 0
925 8 0
925 9 0
925 10 0
925 11 0
925 12 0
925 13 0
925 14 0
925 15 0
925 16 0
925 17 0
925 18 0
925 19 0
925 20 0
925 21 2
925 22 2
925 23 2
925 24 2
925 25 2
925 26 2
925 27 2
925 28 2
925 29 2
925 30 2
925 31 2
925 32 2
925 33 2
925 34 2
925 35 2
925 36 2
925 37 2
925 38 2
925 39 2
925 40 2
925 41 2
925 42 2
925 43 2
925 44 2
925 45 2
925 46 2
925 47 2
925 48 2
925 49 2
925 50 2
930 0 0
930 1 0
930 2 0
930 3 0
930 4 0
930 5 0
930 6 0
930 7 0
930 8 0
930 9 0
930 10 0
930 11 0
930 12 0
930 13 0
930 14 0
930 15 0
930 16 0
930 17 0
930 18 0
930 19 2
930 20 0
930 21 0
930 22 0
930 23 2
930 24 2
930 25 2
930 26 2
930 27 2
930 28 2
930 29 2
930 30 2
930 31 2
930 32 2
930 33 2
930 34 2
930 35 2
930 36 2
930 37 2
930 38 2
930 39 2
930 40 2
930 41 2
930 42 2
930 43 2
930 44 2
930 45 2
930 46 2
930 47 2
930 48 2
930 49 2
930 50 2
935 0 0
935 1 0
935 2 0
935 3 0
935 4 0
935 5 0
935 6 0
935 7 0
935 8 0
935 9 0
935 10 0
935 11 0
935 12 0
935 13 0
935 14 0
935 15 0
935 16 0
935 17 0
935 18 0
935 19 0
935 20 2
935 21 2
935 22 2
935 23 2
935 24 2
935 25 2
935 26 2
935 27 2
935 28 2
935 29 2
935 30 2
935 31 2
935 32 2
935 33 2
935 34 2
935 35 2
935 36 2
935 37 2
935 38 2
935 39 2
935 40 2
935 41 2
935 42 2
935 43 2
935 44 2
935 45 2
935 46 2
935 47 2
935 48 2
935 49 2
935 50 2
940 0 0
940 1 0
940 2 0
940 3 0
940 4 0
940 5 0
940 6 0
940 7 0
940 8 0
940 9 0
940 10 0
940 11 0
940 12 0
940 13 0
940 14 0
940 15 0
940 16 0
940 17 0
940 18 2
940 19 0
940 20 2
940 21 0
940 22 2
940 23 2
940 24 2
940 25 2
940 26 2
940 27 0
940 28 2
940 29 2
940 30 2
940 31 2
940 32 2
940 33 2
940 34 2
940 35 2
940 36 2
940 37 2
940 38 2
940 39 2
940 40 2
940 41 2
940 42 2
940 43 2
940 44 2
940 45 2
940 46 2
940 47 2
940 48 2
940 49 2
940 50 2
945 0 0
945 1 0
945 2 0
945 3 0
945 4 0
945 5 0
945 6 0
945 7 0
945 8 0
945 9 0
945 10 0
945 11 0
945 12 0
945 13 0
945 14 0
945 15 0
945 16 0
945 17 0
945 18 0
945 19 0
945 20 0
945 21 0
945 22 0
945 23 2
945 24 2
945 25 2
945 26 2
945 27 2
945 28 2
945 29 2
945 30 2
945 31 2
945 32 2
945 33 2
945 34 2
945 35 2
945 36 2
945 37 2
945 38 2
945 39 2
945 40 2
945 41 2
945 42 2
945 43 2
945 44 2
945 45 2
945 46 2
945 47 2
945 48 2
945 49 2
945 50 2
950 0 0
950 1 0
950 2 0
950 3 0
950 4 0
950 5 0
950 6 0
950 7 0
950 8 0
950 9 0
950 10 0
950 11 0
950 12 0
950 13 0
950 14 0
950 15 0
950 16 0
950 17 0
950 18 0
950 19 0
950 20 0
950 21 0
950 22 0
950 23 2
950 24 0
950 25 0
950 26 0
950 27 0
950 28 2
950 29 2
950 30 2
950 31 2
950 32 2
950 33 2
950 34 2
950 35 2
950 36 2
950 37 2
950 38 2
950 39 2
950 40 2
950 41 2
950 42 2
950 43 2
950 44 2
950 45 2
950 46 2
950 47 2
950 48 2
950 49 2
950 50 2
955 0 0
955 1 0
955 2 0
955 3 0
955 4 0
955 5 0
955 6 0
955 7 0
955 8 0
955 9 0
955 10 0
955 11 0
955 12 0
955 13 0
955 14 0
955 15 0
955 16 0
955 17 0
955 18 0
955 19 0
955 20 0
955 21 0
955 22 2
955 23 0
955 24 0
955 25 2
955 26 0
955 27 2
955 28 2
955 29 2
955 30 2
955 31 0
955 32 2
955 33 2
955 34 2
955 35 2
955 36 2
955 37 2
955 38 2
955 39 2
955 40 2
955 41 2
955 42 2
955 43 2
955 44 2
955 45 2
955 46 2
955 47 2
955 48 2
955 49 2
955 50 2
960 0 0
960 1 0
960 2 0
960 3 0
960 4 0
960 5 0
960 6 0
960 7 0
960 8 0
960 9 0
960 10 0
960 11 0
960 12 0
960 13 0
960 14 0
960 15 0
960 16 0
960 17 0
960 18 0
960 19 0
960 20 0
960 21 0
960 22 0
960 23 0
960 24 0
960 25 0
960 26 0
960 27 0
960 28 0
960 29 2
960 30 0
960 31 2
960 32 2
960 33 2
960 34 2
960 35 2
960 36 2
960 37 2
960 38 2
960 39 2
960 40 2
960 41 2
960 42 2
960 43 2
960 44 2
960 45 2
960 46 2
960 47 2
960 48 2
960 49 2
960 50 2
965 0 0
965 1 0
965 2 0
965 3 0
965 4 0
965 5 0
965 6 0
965 7 0
965 8 0
965 9 0
965 10 0
965 11 0
965 12 0
965 13 0
965 14 0
965 15 0
965 16 0
965 17 0
965 18 0
965 19 0
965 20 0
965 21 0
965 22 0
965 23 0
965 24 0
965 25 0
965 26 0
965 27 0
965 28 2
965 29 0
965 30 2
965 31 2
965 32 2
965 33 2
965 34 2
965 35 2
965 36 2
965 37 2
965 38 2
965 39 2
965 40 2
965 41 2
965 42 2
965 43 2
965 44 2
965 45 2
965 46 2
965 47 2
965 48 2
965 49 2
965 50 2
970 0 0
970 1 0
970 2 0
970 3 0
970 4 0
970 5 0
970 6 0
970 7 0
970 8 0
970 9 0
970 10 0
970 11 0
970 12 0
970 13 0
970 14 0
970 15 0
970 16 0
970 17 0
970 18 0
970 19 0
970 20 0
970 21 0
970 22 0
970 23 0
970 24 0
970 25 0
970 26 0
970 27 0
970 28 2
970 29 2
970 30 2
970 31 2
970 32 2
970 33 2
970 34 2
970 35 2
970 36 2
970 37 2
970 38 2
970 39 2
970 40 2
970 41 2
970 42 2
970 43 2
970 44 2
970 45 2
970 46 2
970 47 2
970 48 2
970 49 2
970 50 2
975 0 0
975 1 0
975 2 0
975 3 0
975 4 0
975 5 0
975 6 0
975 7 0
975 8 0
975 9 0
975 10 0
975 11 0
975 12 0
975 13 0
975 14 0
975 15 0
975 16 0
975 17 0
975 18 0
975 19 0
975 20 0
975 21 0
975 22 0
975 23 0
975 24 0
975 25 2
975 26 2
975 27 0
975 28 2
975 29 2
975 30 2
975 31 2
975 32 2
975 33 0
975 34 2
975 35 2
975 36 2
975 37 2
975 38 2
975 39 2
975 40 2
975 41 2
975 42 2
975 43 2
975 44 2
975 45 2
975 46 2
975 47 2
975 48 2
975 49 2
975 50 2
980 0 0
980 1 0
980 2 0
980 3 0
980 4 0
980 5 0
980 6 0
980 7 0
980 8 0
980 9 0
980 10 0
980 11 0
980 12 0
980 13 0
980 14 0
980 15 0
980 16 0
980 17 0
980 18 0
980 19 0
980 20 0
980 21 0
980 22 0
980 23 0
980 24 0
980 25 0
980 26 0
980 27 0
980 28 2
980 29 2
980 30 0
980 31 2
980 32 2
980 33 2
980 34 2
980 35 2
980 36 2
980 37 2
980 38 2
980 39 2
980 40 2
980 41 2
980 42 2
980 43 2
980 44 2
980 45 2
980 46 2
980 47 2
980 48 2
980 49 2
980 50 2
985 0 0
985 1 0
985 2 0
985 3 0
985 4 0
985 5 0
985 6 0
985 7 0
985 8 0
985 9 0
985 10 0
985 11 0
985 12 0
985 13 0
985 14 0
985 15 0
985 16 0
985 17 0
985 18 0
985 19 0
985 20 0
985 21 0
985 22 0
985 23 0
985 24 0
985 25 1
985 26 0
985 27 0
985 28 0
985 29 0
985 30 0
985 31 2
985 32 2
985 33 2
985 34 2
985 35 2
985 36 2
985 37 2
985 38 2
985 39 2
985 40 2
985 41 2
985 42 2
985 43 2
985 44 2
985 45 2
985 46 2
985 47 2
985 48 2
985 49 2
985 50 2
990 0 0
990 1 0
990 2 0
990 3 0
990 4 0
990 5 0
990 6 0
990 7 0
990 8 0
990 9 0
990 10 0
990 11 0
990 12 0
990 13 0
990 14 0
990 15 0
990 16 0
990 17 0
990 18 0
990 19 0
990 20 0
990 21 0
990 22 0
990 23 0
990 24 0
990 25 0
990 26 0
990 27 2
990 28 2
990 29 2
990 30 0
990 31 0
990 32 2
990 33 2
990 34 2
990 35 2
990 36 2
990 37 2
990 38 2
990 39 2
990 40 2
990 41 2
990 42 2
990 43 2
990 44 2
990 45 2
990 46 2
990 47 2
990 48 2
990 49 2
990 50 2
995 0 0
995 1 0
995 2 0
995 3 0
995 4 0
995 5 0
995 6 0
995 7 0
995 8 0
995 9 0
995 10 0
995 11 0
995 12 0
995 13 0
995 14 0
995 15 0
995 16 0
995 17 0
995 18 0
995 19 0
995 20 0
995 21 0
995 22 0
995 23 0
995 24 0
995 25 0
995 26 0
995 27 0
995 28 0
995 29 0
995 30 2
995 31 0
995 32 0
995 33 2
995 34 2
995 35 2
995 36 2
995 37 2
995 38 2
995 39 2
995 40 2
995 41 2
995 42 2
995 43 2
995 44 2
995 45 2
995 46 2
995 47 2
995 48 2
995 49 2
995 50 2
1000 0 0
1000 1 0
1000 2 0
1000 3 0
1000 4 0
1000 5 0
1000 6 0
1000 7 0
1000 8 0
1000 9 0
1000 10 0
1000 11 0
1000 12 0
1000 13 0
1000 14 0
1000 15 0
1000 16 0
1000 17 0
1000 18 0
1000 19 0
1000 20 0
1000 21 0
1000 22 0
1000 23 0
1000 24 0
1000 25 0
1000 26 0
1000 27 0
1000 28 0
1000 29 2
1000 30 2
1000 31 2
1000 32 2
1000 33 0
1000 34 0
1000 35 2
1000 36 2
1000 37 2
1000 38 2
1000 39 2
1000 40 2
1000 41 2
1000 42 2
1000 43 2
1000 44 2
1000 45 2
1000 46 2
1000 47 2
1000 48 2
1000 49 2
1000 50 2
1000 0 0
1000 1 0
1000 2 0
1000 3 0
1000 4 0
1000 5 0
1000 6 0
1000 7 0
1000 8 0
1000 9 0
1000 10 0
1000 11 0
1000 12 0
1000 13 0
1000 14 0
1000 15 0
1000 16 0
1000 17 0
1000 18 0
1000 19 0
1000 20 0
1000 21 0
1000 22 0
1000 23 0
1000 24 0
1000 25 0
1000 26 0
1000 27 2
1000 28 0
1000 29 0
1000 30 0
1000 31 2
1000 32 0
1000 33 0
1000 34 0
1000 35 2
1000 36 2
1000 37 2
1000 38 2
1000 39 2
1000 40 2
1000 41 2
1000 42 2
1000 43 2
1000 44 2
1000 45 2
1000 46 2
1000 47 2
1000 48 2
1000 49 2
1000 50 2
1005 0 0
1005 1 0
1005 2 0
1005 3 0
1005 4 0
1005 5 0
1005 6 0
1005 7 0
1005 8 0
1005 9 0
1005 10 0
1005 11 0
1005 12 0
1005 13 0
1005 14 0
1005 15 0
1005 16 0
1005 17 0
1005 18 0
1005 19 0
1005 20 0
1005 21 0
1005 22 0
1005 23 0
1005 24 0
1005 25 0
1005 26 0
1005 27 0
1005 28 0
1005 29 0
1005 30 0
1005 31 0
1005 32 2
1005 33 2
1005 34 0
1005 35 0
1005 36 0
1005 37 2
1005 38 2
1005 39 2
1005 40 2
1005 41 2
1005 42 2
1005 43 2
1005 44 2
1005 45 2
1005 46 2
1005 47 2
1005 48 2
1005 49 2
1005 50 2
1010 0 0
1010 1 0
1010 2 0
1010 3 0
1010 4 0
1010 5 0
1010 6 0
1010 7 0
1010 8 0
1010 9 0
1010 10 0
1010 11 0
1010 12 0
1010 13 0
1010 14 0
1010 15 0
1010 16 0
1010 17 0
1010 18 0
1010 19 0
1010 20 0
1010 21 0
1010 22 0
1010 23 0
1010 24 0
1010 25 0
1010 26 0
1010 27 0
1010 28 0
1010 29 0
1010 30 2
1010 31 2
1010 32 0
1010 33 2
1010 34 2
1010 35 0
1010 36 0
1010 37 2
1010 38 2
1010 39 2
1010 40 2
1010 41 0
1010 42 2
1010 43 2
1010 44 0
1010 45 2
1010 46 2
1010 47 0
1010 48 2
1010 49 2
1010 50 2
1015 0 0
1015 1 0
1015 2 0
1015 3 0
1015 4 0
1015 5 0
1015 6 0
1015 7 0
1015 8 0
1015 9 0
1015 10 0
1015 11 0
1015 12 0
1015 13 0
1015 14 0
1015 15 0
1015 16 0
1015 17 0
1015 18 0
1015 19 0
1015 20 0
1015 21 0
1015 22 0
1015 23 0
1015 24 0
1015 25 0
1015 26 0
1015 27 0
1015 28 0
1015 29 0
1015 30 0
1015 31 2
1015 32 0
1015 33 2
1015 34 0
1015 35 2
1015 36 2
1015 37 2
1015 38 2
1015 39 2
1015 40 2
1015 41 0
1015 42 0
1015 43 2
1015 44 2
1015 45 0
1015 46 2
1015 47 2
1015 48 2
1015 49 2
1015 50 2
1020 0 0
1020 1 0
1020 2 0
1020 3 0
1020 4 0
1020 5 0
1020 6 0
1020 7 0
1020 8 0
1020 9 0
1020 10 0
1020 11 0
1020 12 0
1020 13 0
1020 14 0
1020 15 0
1020 16 0
1020 17 0
1020 18 0
1020 19 0
1020 20 0
1020 21 0
1020 22 0
1020 23 0
1020 24 0
1020 25 0
1020 26 0
1020 27 0
1020 28 0
1020 29 0
1020 30 0
1020 31 0
1020 32 0
1020 33 0
1020 34 2
1020 35 0
1020 36 2
1020 37 2
1020 38 2
1020 39 2
1020 40 2
1020 41 2
1020 42 2
1020 43 2
1020 44 2
1020 45 2
1020 46 0
1020 47 2
1020 48 2
1020 49 0
1020 50 2
1025 0 0
1025 1 0
1025 2 0
1025 3 0
1025 4 0
1025 5 0
1025 6 0
1025 7 0
1025 8 0
1025 9 0
1025 10 0
1025 11 0
1025 12 0
1025 13 0
1025 14 0
1025 15 0
1025 16 0
1025 17 0
1025 18 0
1025 19 0
1025 20 0
1025 21 0
1025 22 0
1025 23 0
1025 24 0
1025 25 0
1025 26 0
1025 27 0
1025 28 0
1025 29 0
1025 30 0
1025 31 0
1025 32 0
1025 33 0
1025 34 0
1025 35 0
1025 36 0
1025 37 2
1025 38 2
1025 39 2
1025 40 2
1025 41 0
1025 42 2
1025 43 2
1025 44 0
1025 45 2
1025 46 2
1025 47 2
1025 48 2
1025 49 2
1025 50 2
1030 0 0
1030 1 0
1030 2 0
1030 3 0
1030 4 0
1030 5 0
1030 6 0
1030 7 0
1030 8 0
1030 9 0
1030 10 0
1030 11 0
1030 12 0
1030 13 0
1030 14 0
1030 15 0
1030 16 0
1030 17 0
1030 18 0
1030 19 0
1030 20 0
1030 21 0
1030 22 0
1030 23 0
1030 24 0
1030 25 0
1030 26 0
1030 27 0
1030 28 0
1030 29 0
1030 30 0
1030 31 0
1030 32 0
1030 33 0
1030 34 0
1030 35 0
1030 36 0
1030 37 0
1030 38 0
1030 39 2
1030 40 2
1030 41 0
1030 42 0
1030 43 2
1030 44 2
1030 45 2
1030 46 2
1030 47 2
1030 48 2
1030 49 2
1030 50 2
1035 0 0
1035 1 0
1035 2 0
1035 3 0
1035 4 0
1035 5 0
1035 6 0
1035 7 0
1035 8 0
1035 9 0
1035 10 0
1035 11 0
1035 12 0
1035 13 0
1035 14 0
1035 15 0
1035 16 0
1035 17 0
1035 18 0
1035 19 0
1035 20 0
1035 21 0
1035 22 0
1035 23 0
1035 24 0
1035 25 0
1035 26 0
1035 27 0
1035 28 0
1035 29 0
1035 30 0
1035 31 0
1035 32 0
1035 33 2
1035 34 0
1035 35 0
1035 36 0
1035 37 0
1035 38 0
1035 39 2
1035 40 0
1035 41 0
1035 42 0
1035 43 0
1035 44 2
1035 45 2
1035 46 0
1035 47 2
1035 48 2
1035 49 2
1035 50 2
1040 0 0
1040 1 0
1040 2 0
1040 3 0
1040 4 0
1040 5 0
1040 6 0
1040 7 0
1040 8 0
1040 9 0
1040 10 0
1040 11 0
1040 12 0
1040 13 0
1040 14 0
1040 15 0
1040 16 0
1040 17 0
1040 18 0
1040 19 0
1040 20 0
1040 21 0
1040 22 0
1040 23 0
1040 24 0
1040 25 0
1040 26 0
1040 27 0
1040 28 0
1040 29 0
1040 30 0
1040 31 0
1040 32 0
1040 33 0
1040 34 0
1040 35 0
1040 36 0
1040 37 0
1040 38 0
1040 39 0
1040 40 0
1040 41 0
1040 42 0
1040 43 2
1040 44 2
1040 45 2
1040 46 2
1040 47 2
1040 48 0
1040 49 0
1040 50 2
1045 0 0
1045 1 0
1045 2 0
1045 3 0
1045 4 0
1045 5 0
1045 6 0
1045 7 0
1045 8 0
1045 9 0
1045 10 0
1045 11 0
1045 12 0
1045 13 0
1045 14 0
1045 15 0
1045 16 0
1045 17 0
1045 18 0
1045 19 0
1045 20 0
1045 21 0
1045 22 0
1045 23 0
1045 24 0
1045 25 0
1045 26 0
1045 27 0
1045 28 0
1045 29 0
1045 30 0
1045 31 0
1045 32 0
1045 33 0
1045 34 0
1045 35 0
1045 36 0
1045 37 0
1045 38 2
1045 39 0
1045 40 0
1045 41 0
1045 42 2
1045 43 0
1045 44 2
1045 45 2
1045 46 0
1045 47 2
1045 48 2
1045 49 2
1045 50 2
1050 0 0
1050 1 0
1050 2 0
1050 3 0
1050 4 0
1050 5 0
1050 6 0
1050 7 0
1050 8 0
1050 9 0
1050 10 0
1050 11 0
1050 12 0
1050 13 0
1050 14 0
1050 15 0
1050 16 0
1050 17 0
1050 18 0
1050 19 0
1050 20 0
1050 21 0
1050 22 0
1050 23 0
1050 24 0
1050 25 0
1050 26 0
1050 27 0
1050 28 0
1050 29 0
1050 30 0
1050 31 0
1050 32 0
1050 33 0
1050 34 0
1050 35 0
1050 36 0
1050 37 0
1050 38 2
1050 39 0
1050 40 2
1050 41 0
1050 42 0
1050 43 0
1050 44 0
1050 45 2
1050 46 2
1050 47 2
1050 48 2
1050 49 0
1050 50 2
1055 0 0
1055 1 0
1055 2 0
1055 3 0
1055 4 0
1055 5 0
1055 6 0
1055 7 0
1055 8 0
1055 9 0
1055 10 0
1055 11 0
1055 12 0
1055 13 0
1055 14 0
1055 15 0
1055 16 0
1055 17 0
1055 18 0
1055 19 0
1055 20 0
1055 21 0
1055 22 0
1055 23 0
1055 24 0
1055 25 0
1055 26 0
1055 27 0
1055 28 0
1055 29 0
1055 30 0
1055 31 0
1055 32 0
1055 33 0
1055 34 0
1055 35 0
1055 36 0
1055 37 0
1055 38 0
1055 39 0
1055 40 0
1055 41 0
1055 42 0
1055 43 2
1055 44 0
1055 45 0
1055 46 0
1055 47 0
1055 48 2
1055 49 2
1055 50 2
1060 0 0
1060 1 0
1060 2 0
1060 3 0
1060 4 0
1060 5 0
1060 6 0
1060 7 0
1060 8 0
1060 9 0
1060 10 0
1060 11 0
1060 12 0
1060 13 0
1060 14 0
1060 15 0
1060 16 0
1060 17 0
1060 18 0
1060 19 0
1060 20 0
1060 21 0
1060 22 0
1060 23 0
1060 24 0
1060 25 0
1060 26 0
1060 27 0
1060 28 0
1060 29 0
1060 30 0
1060 31 0
1060 32 0
1060 33 0
1060 34 0
1060 35 0
1060 36 2
1060 37 0
1060 38 0
1060 39 0
1060 40 0
1060 41 2
1060 42 0
1060 43 0
1060 44 2
1060 45 2
1060 46 2
1060 47 2
1060 48 0
1060 49 2
1060 50 2
1065 0 0
1065 1 0
1065 2 0
1065 3 0
1065 4 0
1065 5 0
1065 6 0
1065 7 0
1065 8 0
1065 9 0
1065 10 0
1065 11 0
1065 12 0
1065 13 0
1065 14 0
1065 15 0
1065 16 0
1065 17 0
1065 18 0
1065 19 0
1065 20 0
1065 21 0
1065 22 0
1065 23 0
1065 24 0
1065 25 0
1065 26 0
1065 27 0
1065 28 0
1065 29 0
1065 30 0
1065 31 0
1065 32 0
1065 33 0
1065 34 0
1065 35 0
1065 36 0
1065 37 0
1065 38 0
1065 39 0
1065 40 0
1065 41 0
1065 42 0
1065 43 0
1065 44 2
1065 45 2
1065 46 0
1065 47 0
1065 48 0
1065 49 0
1065 50 2
1070 0 0
1070 1 0
1070 2 0
1070 3 0
1070 4 0
1070 5 0
1070 6 0
1070 7 0
1070 8 0
1070 9 0
1070 10 0
1070 11 0
1070 12 0
1070 13 0
1070 14 0
1070 15 0
1070 16 0
1070 17 0
1070 18 0
1070 19 0
1070 20 0
1070 21 0
1070 22 0
1070 23 0
1070 24 0
1070 25 0
1070 26 0
1070 27 0
1070 28 0
1070 29 0
1070 30 0
1070 31 0
1070 32 0
1070 33 0
1070 34 0
1070 35 0
1070 36 0
1070 37 0
1070 38 0
1070 39 0
1070 40 0
1070 41 0
1070 42 0
1070 43 0
1070 44 0
1070 45 2
1070 46 0
1070 47 0
1070 48 0
1070 49 2
1070 50 0
1075 0 0
1075 1 0
1075 2 0
1075 3 0
1075 4 0
1075 5 0
1075 6 0
1075 7 0
1075 8 0
1075 9 0
1075 10 0
1075 11 0
1075 12 0
1075 13 0
1075 14 0
1075 15 0
1075 16 0
1075 17 0
1075 18 0
1075 19 0
1075 20 0
1075 21 0
1075 22 0
1075 23 0
1075 24 0
1075 25 0
1075 26 0
1075 27 0
1075 28 0
1075 29 0
1075 30 0
1075 31 0
1075 32 0
1075 33 0
1075 34 0
1075 35 0
1075 36 0
1075 37 0
1075 38 0
1075 39 0
1075 40 0
1075 41 0
1075 42 1
1075 43 0
1075 44 0
1075 45 0
1075 46 0
1075 47 0
1075 48 0
1075 49 0
1075 50 0
1080 0 0
1080 1 0
1080 2 0
1080 3 0
1080 4 0
1080 5 0
1080 6 0
1080 7 0
1080 8 0
1080 9 0
1080 10 0
1080 11 0
1080 12 0
1080 13 0
1080 14 0
1080 15 0
1080 16 0
1080 17 0
1080 18 0
1080 19 0
1080 20 0
1080 21 0
1080 22 0
1080 23 0
1080 24 0
1080 25 0
1080 26 0
1080 27 0
1080 28 0
1080 29 0
1080 30 0
1080 31 0
1080 32 0
1080 33 0
1080 34 0
1080 35 0
1080 36 0
1080 37 0
1080 38 0
1080 39 0
1080 40 0
1080 41 0
1080 42 0
1080 43 0
1080 44 0
1080 45 0
1080 46 0
1080 47 0
1080 48 0
1080 49 2
1080 50 2
1085 0 0
1085 1 0
1085 2 0
1085 3 0
1085 4 0
1085 5 0
1085 6 0
1085 7 0
1085 8 0
1085 9 0
1085 10 0
1085 11 0
1085 12 0
1085 13 0
1085 14 0
1085 15 0
1085 16 0
1085 17 0
1085 18 0
1085 19 0
1085 20 0
1085 21 0
1085 22 0
1085 23 0
1085 24 0
1085 25 0
1085 26 0
1085 27 0
1085 28 0
1085 29 0
1085 30 0
1085 31 0
1085 32 0
1085 33 0
1085 34 0
1085 35 0
1085 36 0
1085 37 0
1085 38 0
1085 39 0
1085 40 0
1085 41 0
1085 42 0
1085 43 0
1085 44 0
1085 45 0
1085 46 0
1085 47 0
1085 48 0
1085 49 0
1085 50 0
1090 0 0
1090 1 0
1090 2 0
1090 3 0
1090 4 0
1090 5 0
1090 6 0
1090 7 0
1090 8 0
1090 9 0
1090 10 0
1090 11 0
1090 12 0
1090 13 0
1090 14 0
1090 15 0
1090 16 0
1090 17 0
1090 18 0
1090 19 0
1090 20 0
1090 21 0
1090 22 0
1090 23 0
1090 24 0
1090 25 0
1090 26 0
1090 27 0
1090 28 0
1090 29 0
1090 30 0
1090 31 0
1090 32 0
1090 33 0
1090 34 0
1090 35 0
1090 36 0
1090 37 0
1090 38 0
1090 39 0
1090 40 0
1090 41 0
1090 42 0
1090 43 0
1090 44 0
1090 45 0
1090 46 0
1090 47 0
1090 48 0
1090 49 2
1090 50 2
1095 0 0
1095 1 0
1095 2 0
1095 3 0
1095 4 0
1095 5 0
1095 6 0
1095 7 0
1095 8 0
1095 9 0
1095 10 0
1095 11 0
1095 12 0
1095 13 0
1095 14 0
1095 15 0
1095 16 0
1095 17 0
1095 18 0
1095 19 0
1095 20 0
1095 21 0
1095 22 0
1095 23 0
1095 24 0
1095 25 0
1095 26 0
1095 27 0
1095 28 0
1095 29 0
1095 30 0
1095 31 0
1095 32 0
1095 33 0
1095 34 0
1095 35 0
1095 36 0
1095 37 0
1095 38 0
1095 39 0
1095 40 0
1095 41 1
1095 42 0
1095 43 0
1095 44 0
1095 45 0
1095 46 0
1095 47 0
1095 48 2
1095 49 0
1095 50 0
1100 0 0
1100 1 0
1100 2 0
1100 3 0
1100 4 0
1100 5 0
1100 6 0
1100 7 0
1100 8 0
1100 9 0
1100 10 0
1100 11 0
1100 12 0
1100 13 0
1100 14 0
1100 15 0
1100 16 0
1100 17 0
1100 18 0
1100 19 0
1100 20 0
1100 21 0
1100 22 0
1100 23 0
1100 24 0
1100 25 0
1100 26 0
1100 27 0
1100 28 0
1100 29 0
1100 30 0
1100 31 0
1100 32 0
1100 33 0
1100 34 0
1100 35 0
1100 36 0
1100 37 0
1100 38 0
1100 39 0
1100 40 0
1100 41 0
1100 42 0
1100 43 0
1100 44 0
1100 45 0
1100 46 0
1100 47 2
1100 48 0
1100 49 0
1100 50 0
1105 0 0
1105 1 0
1105 2 0
1105 3 0
1105 4 0
1105 5 0
1105 6 0
1105 7 0
1105 8 0
1105 9 0
1105 10 0
1105 11 0
1105 12 0
1105 13 0
1105 14 0
1105 15 0
1105 16 0
1105 17 0
1105 18 0
1105 19 0
1105 20 0
1105 21 0
1105 22 0
1105 23 0
1105 24 0
1105 25 0
1105 26 0
1105 27 0
1105 28 0
1105 29 0
1105 30 0
1105 31 0
1105 32 0
1105 33 0
1105 34 0
1105 35 0
1105 36 0
1105 37 0
1105 38 0
1105 39 0
1105 40 0
1105 41 0
1105 42 0
1105 43 0
1105 44 0
1105 45 0
1105 46 0
1105 47 0
1105 48 0
1105 49 2
1105 50 0
1110 0 0
1110 1 0
1110 2 0
1110 3 0
1110 4 0
1110 5 0
1110 6 0
1110 7 0
1110 8 0
1110 9 0
1110 10 0
1110 11 0
1110 12 0
1110 13 0
1110 14 0
1110 15 0
1110 16 0
1110 17 0
1110 18 0
1110 19 0
1110 20 0
1110 21 0
1110 22 0
1110 23 0
1110 24 0
1110 25 0
1110 26 0
1110 27 0
1110 28 0
1110 29 0
1110 30 0
1110 31 0
1110 32 0
1110 33 0
1110 34 0
1110 35 0
1110 36 0
1110 37 0
1110 38 0
1110 39 0
1110 40 0
1110 41 0
1110 42 0
1110 43 0
1110 44 0
1110 45 0
1110 46 0
1110 47 0
1110 48 0
1110 49 0
1110 50 0
1115 0 0
1115 1 0
1115 2 0
1115 3 0
1115 4 0
1115 5 0
1115 6 0
1115 7 0
1115 8 0
1115 9 0
1115 10 0
1115 11 0
1115 12 0
1115 13 0
1115 14 0
1115 15 0
1115 16 0
1115 17 0
1115 18 0
1115 19 0
1115 20 0
1115 21 0
1115 22 0
1115 23 0
1115 24 0
1115 25 0
1115 26 0
1115 27 0
1115 28 0
1115 29 0
1115 30 0
1115 31 0
1115 32 0
1115 33 0
1115 34 0
1115 35 0
1115 36 0
1115 37 0
1115 38 0
1115 39 0
1115 40 0
1115 41 0
1115 42 0
1115 43 0
1115 44 0
1115 45 0
1115 46 0
1115 47 0
1115 48 0
1115 49 0
1115 50 0
1120 0 0
1120 1 0
1120 2 0
1120 3 0
1120 4 0
1120 5 0
1120 6 0
1120 7 0
1120 8 0
1120 9 0
1120 10 0
1120 11 0
1120 12 0
1120 13 0
1120 14 0
1120 15 0
1120 16 0
1120 17 0
1120 18 0
1120 19 0
1120 20 0
1120 21 0
1120 22 0
1120 23 0
1120 24 0
1120 25 0
1120 26 0
1120 27 0
1120 28 0
1120 29 0
1120 30 0
1120 31 0
1120 32 0
1120 33 0
1120 34 0
1120 35 0
1120 36 0
1120 37 0
1120 38 0
1120 39 0
1120 40 0
1120 41 0
1120 42 0
1120 43 0
1120 44 0
1120 45 0
1120 46 0
1120 47 0
1120 48 0
1120 49 0
1120 50 0
1125 0 0
1125 1 0
1125 2 0
1125 3 0
1125 4 0
1125 5 0
1125 6 0
1125 7 0
1125 8 0
1125 9 0
1125 10 0
1125 11 0
1125 12 0
1125 13 0
1125 14 0
1125 15 0
1125 16 0
1125 17 0
1125 18 0
1125 19 0
1125 20 0
1125 21 0
1125 22 0
1125 23 0
1125 24 0
1125 25 0
1125 26 0
1125 27 0
1125 28 0
1125 29 0
1125 30 0
1125 31 0
1125 32 0
1125 33 0
1125 34 0
1125 35 0
1125 36 0
1125 37 0
1125 38 0
1125 39 0
1125 40 0
1125 41 0
1125 42 0
1125 43 0
1125 44 0
1125 45 0
1125 46 0
1125 47 0
1125 48 0
1125 49 0
1125 50 0
1130 0 0
1130 1 0
1130 2 0
1130 3 0
1130 4 0
1130 5 0
1130 6 0
1130 7 0
1130 8 0
1130 9 0
1130 10 0
1130 11 0
1130 12 0
1130 13 0
1130 14 0
1130 15 0
1130 16 0
1130 17 0
1130 18 0
1130 19 0
1130 20 0
1130 21 0
1130 22 0
1130 23 0
1130 24 0
1130 25 0
1130 26 0
1130 27 0
1130 28 0
1130 29 0
1130 30 0
1130 31 0
1130 32 0
1130 33 0
1130 34 0
1130 35 0
1130 36 0
1130 37 0
1130 38 0
1130 39 0
1130 40 0
1130 41 0
1130 42 0
1130 43 0
1130 44 0
1130 45 0
1130 46 0
1130 47 0
1130 48 0
1130 49 0
1130 50 0
1135 0 0
1135 1 0
1135 2 0
1135 3 0
1135 4 0
1135 5 0
1135 6 0
1135 7 0
1135 8 0
1135 9 0
1135 10 0
1135 11 0
1135 12 0
1135 13 0
1135 14 0
1135 15 0
1135 16 0
1135 17 0
1135 18 0
1135 19 0
1135 20 0
1135 21 0
1135 22 0
1135 23 0
1135 24 0
1135 25 0
1135 26 0
1135 27 0
1135 28 0
1135 29 0
1135 30 0
1135 31 0
1135 32 0
1135 33 0
1135 34 0
1135 35 0
1135 36 0
1135 37 0
1135 38 0
1135 39 0
1135 40 0
1135 41 0
1135 42 0
1135 43 0
1135 44 0
1135 45 0
1135 46 0
1135 47 0
1135 48 0
1135 49 0
1135 50 0
1140 0 0
1140 1 0
1140 2 0
1140 3 0
1140 4 0
1140 5 0
1140 6 0
1140 7 0
1140 8 0
1140 9 0
1140 10 0
1140 11 0
1140 12 0
1140 13 0
1140 14 0
1140 15 0
1140 16 0
1140 17 0
1140 18 0
1140 19 0
1140 20 0
1140 21 0
1140 22 0
1140 23 0
1140 24 0
1140 25 0
1140 26 0
1140 27 0
1140 28 0
1140 29 0
1140 30 0
1140 31 0
1140 32 0
1140 33 0
1140 34 0
1140 35 0
1140 36 0
1140 37 0
1140 38 0
1140 39 0
1140 40 0
1140 41 0
1140 42 0
1140 43 0
1140 44 0
1140 45 0
1140 46 0
1140 47 0
1140 48 0
1140 49 0
1140 50 0
1145 0 0
1145 1 0
1145 2 0
1145 3 0
1145 4 0
1145 5 0
1145 6 0
1145 7 0
1145 8 0
1145 9 0
1145 10 0
1145 11 0
1145 12 0
1145 13 0
1145 14 0
1145 15 0
1145 16 0
1145 17 0
1145 18 0
1145 19 0
1145 20 0
1145 21 0
1145 22 0
1145 23 0
1145 24 0
1145 25 0
1145 26 0
1145 27 0
1145 28 0
1145 29 0
1145 30 0
1145 31 0
1145 32 0
1145 33 0
1145 34 0
1145 35 0
1145 36 0
1145 37 0
1145 38 0
1145 39 0
1145 40 0
1145 41 0
1145 42 0
1145 43 0
1145 44 0
1145 45 0
1145 46 0
1145 47 0
1145 48 0
1145 49 0
1145 50 0
