1000 0 0
1000 1 0
1000 2 0
1000 3 0
1000 4 0
1000 5 0
1000 6 0
1000 7 0
1000 8 0
1000 9 0
1000 10 0
1000 11 0
1000 12 0
1000 13 0
1000 14 0
1000 15 0
1000 16 0
1000 17 0
1000 18 0
1000 19 0
1000 20 0
1000 21 0
1000 22 0
1000 23 0
1000 24 0
1000 25 0
1000 26 0
1000 27 2
1000 28 0
1000 29 0
1000 30 0
1000 31 2
1000 32 0
1000 33 0
1000 34 0
1000 35 2
1000 36 2
1000 37 2
1000 38 2
1000 39 2
1000 40 2
1000 41 2
1000 42 2
1000 43 2
1000 44 2
1000 45 2
1000 46 2
1000 47 2
1000 48 2
1000 49 2
1000 50 2
1005 0 0
1005 1 0
1005 2 0
1005 3 0
1005 4 0
1005 5 0
1005 6 0
1005 7 0
1005 8 0
1005 9 0
1005 10 0
1005 11 0
1005 12 0
1005 13 0
1005 14 0
1005 15 0
1005 16 0
1005 17 0
1005 18 0
1005 19 0
1005 20 0
1005 21 0
1005 22 0
1005 23 0
1005 24 0
1005 25 0
1005 26 0
1005 27 0
1005 28 0
1005 29 0
1005 30 0
1005 31 0
1005 32 2
1005 33 2
1005 34 0
1005 35 0
1005 36 0
1005 37 2
1005 38 2
1005 39 2
1005 40 2
1005 41 2
1005 42 2
1005 43 2
1005 44 2
1005 45 2
1005 46 2
1005 47 2
1005 48 2
1005 49 2
1005 50 2
1010 0 0
1010 1 0
1010 2 0
1010 3 0
1010 4 0
1010 5 0
1010 6 0
1010 7 0
1010 8 0
1010 9 0
1010 10 0
1010 11 0
1010 12 0
1010 13 0
1010 14 0
1010 15 0
1010 16 0
1010 17 0
1010 18 0
1010 19 0
1010 20 0
1010 21 0
1010 22 0
1010 23 0
1010 24 0
1010 25 0
1010 26 0
1010 27 0
1010 28 0
1010 29 0
1010 30 2
1010 31 2
1010 32 0
1010 33 2
1010 34 2
1010 35 0
1010 36 0
1010 37 2
1010 38 2
1010 39 2
1010 40 2
1010 41 0
1010 42 2
1010 43 2
1010 44 0
1010 45 2
1010 46 2
1010 47 0
1010 48 2
1010 49 2
1010 50 2
1015 0 0
1015 1 0
1015 2 0
1015 3 0
1015 4 0
1015 5 0
1015 6 0
1015 7 0
1015 8 0
1015 9 0
1015 10 0
1015 11 0
1015 12 0
1015 13 0
1015 14 0
1015 15 0
1015 16 0
1015 17 0
1015 18 0
1015 19 0
1015 20 0
1015 21 0
1015 22 0
1015 23 0
1015 24 0
1015 25 0
1015 26 0
1015 27 0
1015 28 0
1015 29 0
1015 30 0
1015 31 2
1015 32 0
1015 33 2
1015 34 0
1015 35 2
1015 36 2
1015 37 2
1015 38 2
1015 39 2
1015 40 2
1015 41 0
1015 42 0
1015 43 2
1015 44 2
1015 45 0
1015 46 2
1015 47 2
1015 48 2
1015 49 2
1015 50 2
1020 0 0
1020 1 0
1020 2 0
1020 3 0
1020 4 0
1020 5 0
1020 6 0
1020 7 0
1020 8 0
1020 9 0
1020 10 0
1020 11 0
1020 12 0
1020 13 0
1020 14 0
1020 15 0
1020 16 0
1020 17 0
1020 18 0
1020 19 0
1020 20 0
1020 21 0
1020 22 0
1020 23 0
1020 24 0
1020 25 0
1020 26 0
1020 27 0
1020 28 0
1020 29 0
1020 30 0
1020 31 0
1020 32 0
1020 33 0
1020 34 2
1020 35 0
1020 36 2
1020 37 2
1020 38 2
1020 39 2
1020 40 2
1020 41 2
1020 42 2
1020 43 2
1020 44 2
1020 45 2
1020 46 0
1020 47 2
1020 48 2
1020 49 0
1020 50 2
1025 0 0
1025 1 0
1025 2 0
1025 3 0
1025 4 0
1025 5 0
1025 6 0
1025 7 0
1025 8 0
1025 9 0
1025 10 0
1025 11 0
1025 12 0
1025 13 0
1025 14 0
1025 15 0
1025 16 0
1025 17 0
1025 18 0
1025 19 0
1025 20 0
1025 21 0
1025 22 0
1025 23 0
1025 24 0
1025 25 0
1025 26 0
1025 27 0
1025 28 0
1025 29 0
1025 30 0
1025 31 0
1025 32 0
1025 33 0
1025 34 0
1025 35 0
1025 36 0
1025 37 2
1025 38 2
1025 39 2
1025 40 2
1025 41 0
1025 42 2
1025 43 2
1025 44 0
1025 45 2
1025 46 2
1025 47 2
1025 48 2
1025 49 2
1025 50 2
1030 0 0
1030 1 0
1030 2 0
1030 3 0
1030 4 0
1030 5 0
1030 6 0
1030 7 0
1030 8 0
1030 9 0
1030 10 0
1030 11 0
1030 12 0
1030 13 0
1030 14 0
1030 15 0
1030 16 0
1030 17 0
1030 18 0
1030 19 0
1030 20 0
1030 21 0
1030 22 0
1030 23 0
1030 24 0
1030 25 0
1030 26 0
1030 27 0
1030 28 0
1030 29 0
1030 30 0
1030 31 0
1030 32 0
1030 33 0
1030 34 0
1030 35 0
1030 36 0
1030 37 0
1030 38 0
1030 39 2
1030 40 2
1030 41 0
1030 42 0
1030 43 2
1030 44 2
1030 45 2
1030 46 2
1030 47 2
1030 48 2
1030 49 2
1030 50 2
1035 0 0
1035 1 0
1035 2 0
1035 3 0
1035 4 0
1035 5 0
1035 6 0
1035 7 0
1035 8 0
1035 9 0
1035 10 0
1035 11 0
1035 12 0
1035 13 0
1035 14 0
1035 15 0
1035 16 0
1035 17 0
1035 18 0
1035 19 0
1035 20 0
1035 21 0
1035 22 0
1035 23 0
1035 24 0
1035 25 0
1035 26 0
1035 27 0
1035 28 0
1035 29 0
1035 30 0
1035 31 0
1035 32 0
1035 33 2
1035 34 0
1035 35 0
1035 36 0
1035 37 0
1035 38 0
1035 39 2
1035 40 0
1035 41 0
1035 42 0
1035 43 0
1035 44 2
1035 45 2
1035 46 0
1035 47 2
1035 48 2
1035 49 2
1035 50 2
1040 0 0
1040 1 0
1040 2 0
1040 3 0
1040 4 0
1040 5 0
1040 6 0
1040 7 0
1040 8 0
1040 9 0
1040 10 0
1040 11 0
1040 12 0
1040 13 0
1040 14 0
1040 15 0
1040 16 0
1040 17 0
1040 18 0
1040 19 0
1040 20 0
1040 21 0
1040 22 0
1040 23 0
1040 24 0
1040 25 0
1040 26 0
1040 27 0
1040 28 0
1040 29 0
1040 30 0
1040 31 0
1040 32 0
1040 33 0
1040 34 0
1040 35 0
1040 36 0
1040 37 0
1040 38 0
1040 39 0
1040 40 0
1040 41 0
1040 42 0
1040 43 2
1040 44 2
1040 45 2
1040 46 2
1040 47 2
1040 48 0
1040 49 0
1040 50 2
1045 0 0
1045 1 0
1045 2 0
1045 3 0
1045 4 0
1045 5 0
1045 6 0
1045 7 0
1045 8 0
1045 9 0
1045 10 0
1045 11 0
1045 12 0
1045 13 0
1045 14 0
1045 15 0
1045 16 0
1045 17 0
1045 18 0
1045 19 0
1045 20 0
1045 21 0
1045 22 0
1045 23 0
1045 24 0
1045 25 0
1045 26 0
1045 27 0
1045 28 0
1045 29 0
1045 30 0
1045 31 0
1045 32 0
1045 33 0
1045 34 0
1045 35 0
1045 36 0
1045 37 0
1045 38 2
1045 39 0
1045 40 0
1045 41 0
1045 42 2
1045 43 0
1045 44 2
1045 45 2
1045 46 0
1045 47 2
1045 48 2
1045 49 2
1045 50 2
1050 0 0
1050 1 0
1050 2 0
1050 3 0
1050 4 0
1050 5 0
1050 6 0
1050 7 0
1050 8 0
1050 9 0
1050 10 0
1050 11 0
1050 12 0
1050 13 0
1050 14 0
1050 15 0
1050 16 0
1050 17 0
1050 18 0
1050 19 0
1050 20 0
1050 21 0
1050 22 0
1050 23 0
1050 24 0
1050 25 0
1050 26 0
1050 27 0
1050 28 0
1050 29 0
1050 30 0
1050 31 0
1050 32 0
1050 33 0
1050 34 0
1050 35 0
1050 36 0
1050 37 0
1050 38 2
1050 39 0
1050 40 2
1050 41 0
1050 42 0
1050 43 0
1050 44 0
1050 45 2
1050 46 2
1050 47 2
1050 48 2
1050 49 0
1050 50 2
1055 0 0
1055 1 0
1055 2 0
1055 3 0
1055 4 0
1055 5 0
1055 6 0
1055 7 0
1055 8 0
1055 9 0
1055 10 0
1055 11 0
1055 12 0
1055 13 0
1055 14 0
1055 15 0
1055 16 0
1055 17 0
1055 18 0
1055 19 0
1055 20 0
1055 21 0
1055 22 0
1055 23 0
1055 24 0
1055 25 0
1055 26 0
1055 27 0
1055 28 0
1055 29 0
1055 30 0
1055 31 0
1055 32 0
1055 33 0
1055 34 0
1055 35 0
1055 36 0
1055 37 0
1055 38 0
1055 39 0
1055 40 0
1055 41 0
1055 42 0
1055 43 2
1055 44 0
1055 45 0
1055 46 0
1055 47 0
1055 48 2
1055 49 2
1055 50 2
1060 0 0
1060 1 0
1060 2 0
1060 3 0
1060 4 0
1060 5 0
1060 6 0
1060 7 0
1060 8 0
1060 9 0
1060 10 0
1060 11 0
1060 12 0
1060 13 0
1060 14 0
1060 15 0
1060 16 0
1060 17 0
1060 18 0
1060 19 0
1060 20 0
1060 21 0
1060 22 0
1060 23 0
1060 24 0
1060 25 0
1060 26 0
1060 27 0
1060 28 0
1060 29 0
1060 30 0
1060 31 0
1060 32 0
1060 33 0
1060 34 0
1060 35 0
1060 36 2
1060 37 0
1060 38 0
1060 39 0
1060 40 0
1060 41 2
1060 42 0
1060 43 0
1060 44 2
1060 45 2
1060 46 2
1060 47 2
1060 48 0
1060 49 2
1060 50 2
1065 0 0
1065 1 0
1065 2 0
1065 3 0
1065 4 0
1065 5 0
1065 6 0
1065 7 0
1065 8 0
1065 9 0
1065 10 0
1065 11 0
1065 12 0
1065 13 0
1065 14 0
1065 15 0
1065 16 0
1065 17 0
1065 18 0
1065 19 0
1065 20 0
1065 21 0
1065 22 0
1065 23 0
1065 24 0
1065 25 0
1065 26 0
1065 27 0
1065 28 0
1065 29 0
1065 30 0
1065 31 0
1065 32 0
1065 33 0
1065 34 0
1065 35 0
1065 36 0
1065 37 0
1065 38 0
1065 39 0
1065 40 0
1065 41 0
1065 42 0
1065 43 0
1065 44 2
1065 45 2
1065 46 0
1065 47 0
1065 48 0
1065 49 0
1065 50 2
1070 0 0
1070 1 0
1070 2 0
1070 3 0
1070 4 0
1070 5 0
1070 6 0
1070 7 0
1070 8 0
1070 9 0
1070 10 0
1070 11 0
1070 12 0
1070 13 0
1070 14 0
1070 15 0
1070 16 0
1070 17 0
1070 18 0
1070 19 0
1070 20 0
1070 21 0
1070 22 0
1070 23 0
1070 24 0
1070 25 0
1070 26 0
1070 27 0
1070 28 0
1070 29 0
1070 30 0
1070 31 0
1070 32 0
1070 33 0
1070 34 0
1070 35 0
1070 36 0
1070 37 0
1070 38 0
1070 39 0
1070 40 0
1070 41 0
1070 42 0
1070 43 0
1070 44 0
1070 45 2
1070 46 0
1070 47 0
1070 48 0
1070 49 2
1070 50 0
1075 0 0
1075 1 0
1075 2 0
1075 3 0
1075 4 0
1075 5 0
1075 6 0
1075 7 0
1075 8 0
1075 9 0
1075 10 0
1075 11 0
1075 12 0
1075 13 0
1075 14 0
1075 15 0
1075 16 0
1075 17 0
1075 18 0
1075 19 0
1075 20 0
1075 21 0
1075 22 0
1075 23 0
1075 24 0
1075 25 0
1075 26 0
1075 27 0
1075 28 0
1075 29 0
1075 30 0
1075 31 0
1075 32 0
1075 33 0
1075 34 0
1075 35 0
1075 36 0
1075 37 0
1075 38 0
1075 39 0
1075 40 0
1075 41 0
1075 42 1
1075 43 0
1075 44 0
1075 45 0
1075 46 0
1075 47 0
1075 48 0
1075 49 0
1075 50 0
1080 0 0
1080 1 0
1080 2 0
1080 3 0
1080 4 0
1080 5 0
1080 6 0
1080 7 0
1080 8 0
1080 9 0
1080 10 0
1080 11 0
1080 12 0
1080 13 0
1080 14 0
1080 15 0
1080 16 0
1080 17 0
1080 18 0
1080 19 0
1080 20 0
1080 21 0
1080 22 0
1080 23 0
1080 24 0
1080 25 0
1080 26 0
1080 27 0
1080 28 0
1080 29 0
1080 30 0
1080 31 0
1080 32 0
1080 33 0
1080 34 0
1080 35 0
1080 36 0
1080 37 0
1080 38 0
1080 39 0
1080 40 0
1080 41 0
1080 42 0
1080 43 0
1080 44 0
1080 45 0
1080 46 0
1080 47 0
1080 48 0
1080 49 2
1080 50 2
1085 0 0
1085 1 0
1085 2 0
1085 3 0
1085 4 0
1085 5 0
1085 6 0
1085 7 0
1085 8 0
1085 9 0
1085 10 0
1085 11 0
1085 12 0
1085 13 0
1085 14 0
1085 15 0
1085 16 0
1085 17 0
1085 18 0
1085 19 0
1085 20 0
1085 21 0
1085 22 0
1085 23 0
1085 24 0
1085 25 0
1085 26 0
1085 27 0
1085 28 0
1085 29 0
1085 30 0
1085 31 0
1085 32 0
1085 33 0
1085 34 0
1085 35 0
1085 36 0
1085 37 0
1085 38 0
1085 39 0
1085 40 0
1085 41 0
1085 42 0
1085 43 0
1085 44 0
1085 45 0
1085 46 0
1085 47 0
1085 48 0
1085 49 0
1085 50 0
1090 0 0
1090 1 0
1090 2 0
1090 3 0
1090 4 0
1090 5 0
1090 6 0
1090 7 0
1090 8 0
1090 9 0
1090 10 0
1090 11 0
1090 12 0
1090 13 0
1090 14 0
1090 15 0
1090 16 0
1090 17 0
1090 18 0
1090 19 0
1090 20 0
1090 21 0
1090 22 0
1090 23 0
1090 24 0
1090 25 0
1090 26 0
1090 27 0
1090 28 0
1090 29 0
1090 30 0
1090 31 0
1090 32 0
1090 33 0
1090 34 0
1090 35 0
1090 36 0
1090 37 0
1090 38 0
1090 39 0
1090 40 0
1090 41 0
1090 42 0
1090 43 0
1090 44 0
1090 45 0
1090 46 0
1090 47 0
1090 48 0
1090 49 2
1090 50 2
1095 0 0
1095 1 0
1095 2 0
1095 3 0
1095 4 0
1095 5 0
1095 6 0
1095 7 0
1095 8 0
1095 9 0
1095 10 0
1095 11 0
1095 12 0
1095 13 0
1095 14 0
1095 15 0
1095 16 0
1095 17 0
1095 18 0
1095 19 0
1095 20 0
1095 21 0
1095 22 0
1095 23 0
1095 24 0
1095 25 0
1095 26 0
1095 27 0
1095 28 0
1095 29 0
1095 30 0
1095 31 0
1095 32 0
1095 33 0
1095 34 0
1095 35 0
1095 36 0
1095 37 0
1095 38 0
1095 39 0
1095 40 0
1095 41 1
1095 42 0
1095 43 0
1095 44 0
1095 45 0
1095 46 0
1095 47 0
1095 48 2
1095 49 0
1095 50 0
1100 0 0
1100 1 0
1100 2 0
1100 3 0
1100 4 0
1100 5 0
1100 6 0
1100 7 0
1100 8 0
1100 9 0
1100 10 0
1100 11 0
1100 12 0
1100 13 0
1100 14 0
1100 15 0
1100 16 0
1100 17 0
1100 18 0
1100 19 0
1100 20 0
1100 21 0
1100 22 0
1100 23 0
1100 24 0
1100 25 0
1100 26 0
1100 27 0
1100 28 0
1100 29 0
1100 30 0
1100 31 0
1100 32 0
1100 33 0
1100 34 0
1100 35 0
1100 36 0
1100 37 0
1100 38 0
1100 39 0
1100 40 0
1100 41 0
1100 42 0
1100 43 0
1100 44 0
1100 45 0
1100 46 0
1100 47 2
1100 48 0
1100 49 0
1100 50 0
1105 0 0
1105 1 0
1105 2 0
1105 3 0
1105 4 0
1105 5 0
1105 6 0
1105 7 0
1105 8 0
1105 9 0
1105 10 0
1105 11 0
1105 12 0
1105 13 0
1105 14 0
1105 15 0
1105 16 0
1105 17 0
1105 18 0
1105 19 0
1105 20 0
1105 21 0
1105 22 0
1105 23 0
1105 24 0
1105 25 0
1105 26 0
1105 27 0
1105 28 0
1105 29 0
1105 30 0
1105 31 0
1105 32 0
1105 33 0
1105 34 0
1105 35 0
1105 36 0
1105 37 0
1105 38 0
1105 39 0
1105 40 0
1105 41 0
1105 42 0
1105 43 0
1105 44 0
1105 45 0
1105 46 0
1105 47 0
1105 48 0
1105 49 2
1105 50 0
1110 0 0
1110 1 0
1110 2 0
1110 3 0
1110 4 0
1110 5 0
1110 6 0
1110 7 0
1110 8 0
1110 9 0
1110 10 0
1110 11 0
1110 12 0
1110 13 0
1110 14 0
1110 15 0
1110 16 0
1110 17 0
1110 18 0
1110 19 0
1110 20 0
1110 21 0
1110 22 0
1110 23 0
1110 24 0
1110 25 0
1110 26 0
1110 27 0
1110 28 0
1110 29 0
1110 30 0
1110 31 0
1110 32 0
1110 33 0
1110 34 0
1110 35 0
1110 36 0
1110 37 0
1110 38 0
1110 39 0
1110 40 0
1110 41 0
1110 42 0
1110 43 0
1110 44 0
1110 45 0
1110 46 0
1110 47 0
1110 48 0
1110 49 0
1110 50 0
1115 0 0
1115 1 0
1115 2 0
1115 3 0
1115 4 0
1115 5 0
1115 6 0
1115 7 0
1115 8 0
1115 9 0
1115 10 0
1115 11 0
1115 12 0
1115 13 0
1115 14 0
1115 15 0
1115 16 0
1115 17 0
1115 18 0
1115 19 0
1115 20 0
1115 21 0
1115 22 0
1115 23 0
1115 24 0
1115 25 0
1115 26 0
1115 27 0
1115 28 0
1115 29 0
1115 30 0
1115 31 0
1115 32 0
1115 33 0
1115 34 0
1115 35 0
1115 36 0
1115 37 0
1115 38 0
1115 39 0
1115 40 0
1115 41 0
1115 42 0
1115 43 0
1115 44 0
1115 45 0
1115 46 0
1115 47 0
1115 48 0
1115 49 0
1115 50 0
1120 0 0
1120 1 0
1120 2 0
1120 3 0
1120 4 0
1120 5 0
1120 6 0
1120 7 0
1120 8 0
1120 9 0
1120 10 0
1120 11 0
1120 12 0
1120 13 0
1120 14 0
1120 15 0
1120 16 0
1120 17 0
1120 18 0
1120 19 0
1120 20 0
1120 21 0
1120 22 0
1120 23 0
1120 24 0
1120 25 0
1120 26 0
1120 27 0
1120 28 0
1120 29 0
1120 30 0
1120 31 0
1120 32 0
1120 33 0
1120 34 0
1120 35 0
1120 36 0
1120 37 0
1120 38 0
1120 39 0
1120 40 0
1120 41 0
1120 42 0
1120 43 0
1120 44 0
1120 45 0
1120 46 0
1120 47 0
1120 48 0
1120 49 0
1120 50 0
1125 0 0
1125 1 0
1125 2 0
1125 3 0
1125 4 0
1125 5 0
1125 6 0
1125 7 0
1125 8 0
1125 9 0
1125 10 0
1125 11 0
1125 12 0
1125 13 0
1125 14 0
1125 15 0
1125 16 0
1125 17 0
1125 18 0
1125 19 0
1125 20 0
1125 21 0
1125 22 0
1125 23 0
1125 24 0
1125 25 0
1125 26 0
1125 27 0
1125 28 0
1125 29 0
1125 30 0
1125 31 0
1125 32 0
1125 33 0
1125 34 0
1125 35 0
1125 36 0
1125 37 0
1125 38 0
1125 39 0
1125 40 0
1125 41 0
1125 42 0
1125 43 0
1125 44 0
1125 45 0
1125 46 0
1125 47 0
1125 48 0
1125 49 0
1125 50 0
1130 0 0
1130 1 0
1130 2 0
1130 3 0
1130 4 0
1130 5 0
1130 6 0
1130 7 0
1130 8 0
1130 9 0
1130 10 0
1130 11 0
1130 12 0
1130 13 0
1130 14 0
1130 15 0
1130 16 0
1130 17 0
1130 18 0
1130 19 0
1130 20 0
1130 21 0
1130 22 0
1130 23 0
1130 24 0
1130 25 0
1130 26 0
1130 27 0
1130 28 0
1130 29 0
1130 30 0
1130 31 0
1130 32 0
1130 33 0
1130 34 0
1130 35 0
1130 36 0
1130 37 0
1130 38 0
1130 39 0
1130 40 0
1130 41 0
1130 42 0
1130 43 0
1130 44 0
1130 45 0
1130 46 0
1130 47 0
1130 48 0
1130 49 0
1130 50 0
1135 0 0
1135 1 0
1135 2 0
1135 3 0
1135 4 0
1135 5 0
1135 6 0
1135 7 0
1135 8 0
1135 9 0
1135 10 0
1135 11 0
1135 12 0
1135 13 0
1135 14 0
1135 15 0
1135 16 0
1135 17 0
1135 18 0
1135 19 0
1135 20 0
1135 21 0
1135 22 0
1135 23 0
1135 24 0
1135 25 0
1135 26 0
1135 27 0
1135 28 0
1135 29 0
1135 30 0
1135 31 0
1135 32 0
1135 33 0
1135 34 0
1135 35 0
1135 36 0
1135 37 0
1135 38 0
1135 39 0
1135 40 0
1135 41 0
1135 42 0
1135 43 0
1135 44 0
1135 45 0
1135 46 0
1135 47 0
1135 48 0
1135 49 0
1135 50 0
1140 0 0
1140 1 0
1140 2 0
1140 3 0
1140 4 0
1140 5 0
1140 6 0
1140 7 0
1140 8 0
1140 9 0
1140 10 0
1140 11 0
1140 12 0
1140 13 0
1140 14 0
1140 15 0
1140 16 0
1140 17 0
1140 18 0
1140 19 0
1140 20 0
1140 21 0
1140 22 0
1140 23 0
1140 24 0
1140 25 0
1140 26 0
1140 27 0
1140 28 0
1140 29 0
1140 30 0
1140 31 0
1140 32 0
1140 33 0
1140 34 0
1140 35 0
1140 36 0
1140 37 0
1140 38 0
1140 39 0
1140 40 0
1140 41 0
1140 42 0
1140 43 0
1140 44 0
1140 45 0
1140 46 0
1140 47 0
1140 48 0
1140 49 0
1140 50 0
1145 0 0
1145 1 0
1145 2 0
1145 3 0
1145 4 0
1145 5 0
1145 6 0
1145 7 0
1145 8 0
1145 9 0
1145 10 0
1145 11 0
1145 12 0
1145 13 0
1145 14 0
1145 15 0
1145 16 0
1145 17 0
1145 18 0
1145 19 0
1145 20 0
1145 21 0
1145 22 0
1145 23 0
1145 24 0
1145 25 0
1145 26 0
1145 27 0
1145 28 0
1145 29 0
1145 30 0
1145 31 0
1145 32 0
1145 33 0
1145 34 0
1145 35 0
1145 36 0
1145 37 0
1145 38 0
1145 39 0
1145 40 0
1145 41 0
1145 42 0
1145 43 0
1145 44 0
1145 45 0
1145 46 0
1145 47 0
1145 48 0
1145 49 0
1145 50 0
1150 0 0
1150 1 0
1150 2 0
1150 3 0
1150 4 0
1150 5 0
1150 6 0
1150 7 0
1150 8 0
1150 9 0
1150 10 0
1150 11 0
1150 12 0
1150 13 0
1150 14 0
1150 15 0
1150 16 0
1150 17 0
1150 18 0
1150 19 0
1150 20 0
1150 21 0
1150 22 0
1150 23 0
1150 24 0
1150 25 0
1150 26 0
1150 27 0
1150 28 0
1150 29 0
1150 30 0
1150 31 0
1150 32 0
1150 33 0
1150 34 0
1150 35 0
1150 36 0
1150 37 0
1150 38 0
1150 39 0
1150 40 0
1150 41 0
1150 42 0
1150 43 0
1150 44 0
1150 45 0
1150 46 0
1150 47 0
1150 48 0
1150 49 0
1150 50 0
1155 0 0
1155 1 0
1155 2 0
1155 3 0
1155 4 0
1155 5 0
1155 6 0
1155 7 0
1155 8 0
1155 9 0
1155 10 0
1155 11 0
1155 12 0
1155 13 0
1155 14 0
1155 15 0
1155 16 0
1155 17 0
1155 18 0
1155 19 0
1155 20 0
1155 21 0
1155 22 0
1155 23 0
1155 24 0
1155 25 0
1155 26 0
1155 27 0
1155 28 0
1155 29 0
1155 30 0
1155 31 0
1155 32 0
1155 33 0
1155 34 0
1155 35 0
1155 36 0
1155 37 0
1155 38 0
1155 39 0
1155 40 0
1155 41 0
1155 42 0
1155 43 0
1155 44 0
1155 45 0
1155 46 0
1155 47 0
1155 48 0
1155 49 0
1155 50 0
1160 0 0
1160 1 0
1160 2 0
1160 3 0
1160 4 0
1160 5 0
1160 6 0
1160 7 0
1160 8 0
1160 9 0
1160 10 0
1160 11 0
1160 12 0
1160 13 0
1160 14 0
1160 15 0
1160 16 0
1160 17 0
1160 18 0
1160 19 0
1160 20 0
1160 21 0
1160 22 0
1160 23 0
1160 24 0
1160 25 0
1160 26 0
1160 27 0
1160 28 0
1160 29 0
1160 30 0
1160 31 0
1160 32 0
1160 33 0
1160 34 0
1160 35 0
1160 36 0
1160 37 0
1160 38 0
1160 39 0
1160 40 0
1160 41 0
1160 42 0
1160 43 0
1160 44 0
1160 45 0
1160 46 0
1160 47 0
1160 48 0
1160 49 0
1160 50 0
1165 0 0
1165 1 0
1165 2 0
1165 3 0
1165 4 0
1165 5 0
1165 6 0
1165 7 0
1165 8 0
1165 9 0
1165 10 0
1165 11 0
1165 12 0
1165 13 0
1165 14 0
1165 15 0
1165 16 0
1165 17 0
1165 18 0
1165 19 0
1165 20 0
1165 21 0
1165 22 0
1165 23 0
1165 24 0
1165 25 0
1165 26 0
1165 27 0
1165 28 0
1165 29 0
1165 30 0
1165 31 0
1165 32 0
1165 33 0
1165 34 0
1165 35 0
1165 36 0
1165 37 0
1165 38 0
1165 39 0
1165 40 0
1165 41 0
1165 42 0
1165 43 0
1165 44 0
1165 45 0
1165 46 0
1165 47 0
1165 48 0
1165 49 0
1165 50 0
1170 0 0
1170 1 0
1170 2 0
1170 3 0
1170 4 0
1170 5 0
1170 6 0
1170 7 0
1170 8 0
1170 9 0
1170 10 0
1170 11 0
1170 12 0
1170 13 0
1170 14 0
1170 15 0
1170 16 0
1170 17 0
1170 18 0
1170 19 0
1170 20 0
1170 21 0
1170 22 0
1170 23 0
1170 24 0
1170 25 0
1170 26 0
1170 27 0
1170 28 0
1170 29 0
1170 30 0
1170 31 0
1170 32 0
1170 33 0
1170 34 0
1170 35 0
1170 36 0
1170 37 0
1170 38 0
1170 39 0
1170 40 0
1170 41 0
1170 42 0
1170 43 0
1170 44 0
1170 45 0
1170 46 0
1170 47 0
1170 48 0
1170 49 0
1170 50 0
1175 0 0
1175 1 0
1175 2 0
1175 3 0
1175 4 0
1175 5 0
1175 6 0
1175 7 0
1175 8 0
1175 9 0
1175 10 0
1175 11 0
1175 12 0
1175 13 0
1175 14 0
1175 15 0
1175 16 0
1175 17 0
1175 18 0
1175 19 0
1175 20 0
1175 21 0
1175 22 0
1175 23 0
1175 24 0
1175 25 0
1175 26 0
1175 27 0
1175 28 0
1175 29 0
1175 30 0
1175 31 0
1175 32 0
1175 33 0
1175 34 0
1175 35 0
1175 36 0
1175 37 0
1175 38 0
1175 39 0
1175 40 0
1175 41 0
1175 42 0
1175 43 0
1175 44 0
1175 45 0
1175 46 0
1175 47 0
1175 48 0
1175 49 0
1175 50 0
1180 0 0
1180 1 0
1180 2 0
1180 3 0
1180 4 0
1180 5 0
1180 6 0
1180 7 0
1180 8 0
1180 9 0
1180 10 0
1180 11 0
1180 12 0
1180 13 0
1180 14 0
1180 15 0
1180 16 0
1180 17 0
1180 18 0
1180 19 0
1180 20 0
1180 21 0
1180 22 0
1180 23 0
1180 24 0
1180 25 0
1180 26 0
1180 27 0
1180 28 0
1180 29 0
1180 30 0
1180 31 0
1180 32 0
1180 33 0
1180 34 0
1180 35 0
1180 36 0
1180 37 0
1180 38 0
1180 39 0
1180 40 0
1180 41 0
1180 42 0
1180 43 0
1180 44 0
1180 45 0
1180 46 0
1180 47 0
1180 48 0
1180 49 0
1180 50 0
1185 0 0
1185 1 0
1185 2 0
1185 3 0
1185 4 0
1185 5 0
1185 6 0
1185 7 0
1185 8 0
1185 9 0
1185 10 0
1185 11 0
1185 12 0
1185 13 0
1185 14 0
1185 15 0
1185 16 0
1185 17 0
1185 18 0
1185 19 0
1185 20 0
1185 21 0
1185 22 0
1185 23 0
1185 24 0
1185 25 0
1185 26 0
1185 27 0
1185 28 0
1185 29 0
1185 30 0
1185 31 0
1185 32 0
1185 33 0
1185 34 0
1185 35 0
1185 36 0
1185 37 0
1185 38 0
1185 39 0
1185 40 0
1185 41 0
1185 42 0
1185 43 0
1185 44 0
1185 45 0
1185 46 0
1185 47 0
1185 48 0
1185 49 0
1185 50 0
1190 0 0
1190 1 0
1190 2 0
1190 3 0
1190 4 0
1190 5 0
1190 6 0
1190 7 0
1190 8 0
1190 9 0
1190 10 0
1190 11 0
1190 12 0
1190 13 0
1190 14 0
1190 15 0
1190 16 0
1190 17 0
1190 18 0
1190 19 0
1190 20 0
1190 21 0
1190 22 0
1190 23 0
1190 24 0
1190 25 0
1190 26 0
1190 27 0
1190 28 0
1190 29 0
1190 30 0
1190 31 0
1190 32 0
1190 33 0
1190 34 0
1190 35 0
1190 36 0
1190 37 0
1190 38 0
1190 39 0
1190 40 0
1190 41 0
1190 42 0
1190 43 0
1190 44 0
1190 45 0
1190 46 0
1190 47 0
1190 48 0
1190 49 0
1190 50 0
1195 0 0
1195 1 0
1195 2 0
1195 3 0
1195 4 0
1195 5 0
1195 6 0
1195 7 0
1195 8 0
1195 9 0
1195 10 0
1195 11 0
1195 12 0
1195 13 0
1195 14 0
1195 15 0
1195 16 0
1195 17 0
1195 18 0
1195 19 0
1195 20 0
1195 21 0
1195 22 0
1195 23 0
1195 24 0
1195 25 0
1195 26 0
1195 27 0
1195 28 0
1195 29 0
1195 30 0
1195 31 0
1195 32 0
1195 33 0
1195 34 0
1195 35 0
1195 36 0
1195 37 0
1195 38 0
1195 39 0
1195 40 0
1195 41 0
1195 42 0
1195 43 0
1195 44 0
1195 45 0
1195 46 0
1195 47 0
1195 48 0
1195 49 0
1195 50 0
1200 0 0
1200 1 0
1200 2 0
1200 3 0
1200 4 0
1200 5 0
1200 6 0
1200 7 0
1200 8 0
1200 9 0
1200 10 0
1200 11 0
1200 12 0
1200 13 0
1200 14 0
1200 15 0
1200 16 0
1200 17 0
1200 18 0
1200 19 0
1200 20 0
1200 21 0
1200 22 0
1200 23 0
1200 24 0
1200 25 0
1200 26 0
1200 27 0
1200 28 0
1200 29 0
1200 30 0
1200 31 0
1200 32 0
1200 33 0
1200 34 0
1200 35 0
1200 36 0
1200 37 0
1200 38 0
1200 39 0
1200 40 0
1200 41 0
1200 42 0
1200 43 0
1200 44 0
1200 45 0
1200 46 0
1200 47 0
1200 48 0
1200 49 0
1200 50 0
1205 0 0
1205 1 0
1205 2 0
1205 3 0
1205 4 0
1205 5 0
1205 6 0
1205 7 0
1205 8 0
1205 9 0
1205 10 0
1205 11 0
1205 12 0
1205 13 0
1205 14 0
1205 15 0
1205 16 0
1205 17 0
1205 18 0
1205 19 0
1205 20 0
1205 21 0
1205 22 0
1205 23 0
1205 24 0
1205 25 0
1205 26 0
1205 27 0
1205 28 0
1205 29 0
1205 30 0
1205 31 0
1205 32 0
1205 33 0
1205 34 0
1205 35 0
1205 36 0
1205 37 0
1205 38 0
1205 39 0
1205 40 0
1205 41 0
1205 42 0
1205 43 0
1205 44 0
1205 45 0
1205 46 0
1205 47 0
1205 48 0
1205 49 0
1205 50 0
1210 0 0
1210 1 0
1210 2 0
1210 3 0
1210 4 0
1210 5 0
1210 6 0
1210 7 0
1210 8 0
1210 9 0
1210 10 0
1210 11 0
1210 12 0
1210 13 0
1210 14 0
1210 15 0
1210 16 0
1210 17 0
1210 18 0
1210 19 0
1210 20 0
1210 21 0
1210 22 0
1210 23 0
1210 24 0
1210 25 0
1210 26 0
1210 27 0
1210 28 0
1210 29 0
1210 30 0
1210 31 0
1210 32 0
1210 33 0
1210 34 0
1210 35 0
1210 36 0
1210 37 0
1210 38 0
1210 39 0
1210 40 0
1210 41 0
1210 42 0
1210 43 0
1210 44 0
1210 45 0
1210 46 0
1210 47 0
1210 48 0
1210 49 0
1210 50 0
1215 0 0
1215 1 0
1215 2 0
1215 3 0
1215 4 0
1215 5 0
1215 6 0
1215 7 0
1215 8 0
1215 9 0
1215 10 0
1215 11 0
1215 12 0
1215 13 0
1215 14 0
1215 15 0
1215 16 0
1215 17 0
1215 18 0
1215 19 0
1215 20 0
1215 21 0
1215 22 0
1215 23 0
1215 24 0
1215 25 0
1215 26 0
1215 27 0
1215 28 0
1215 29 0
1215 30 0
1215 31 0
1215 32 0
1215 33 0
1215 34 0
1215 35 0
1215 36 0
1215 37 0
1215 38 0
1215 39 0
1215 40 0
1215 41 0
1215 42 0
1215 43 0
1215 44 0
1215 45 0
1215 46 0
1215 47 0
1215 48 0
1215 49 0
1215 50 0
1220 0 0
1220 1 0
1220 2 0
1220 3 0
1220 4 0
1220 5 0
1220 6 0
1220 7 0
1220 8 0
1220 9 0
1220 10 0
1220 11 0
1220 12 0
1220 13 0
1220 14 0
1220 15 0
1220 16 0
1220 17 0
1220 18 0
1220 19 0
1220 20 0
1220 21 0
1220 22 0
1220 23 0
1220 24 0
1220 25 0
1220 26 0
1220 27 0
1220 28 0
1220 29 0
1220 30 0
1220 31 0
1220 32 0
1220 33 0
1220 34 0
1220 35 0
1220 36 0
1220 37 0
1220 38 0
1220 39 0
1220 40 0
1220 41 0
1220 42 0
1220 43 0
1220 44 0
1220 45 0
1220 46 0
1220 47 0
1220 48 0
1220 49 0
1220 50 0
1225 0 0
1225 1 0
1225 2 0
1225 3 0
1225 4 0
1225 5 0
1225 6 0
1225 7 0
1225 8 0
1225 9 0
1225 10 0
1225 11 0
1225 12 0
1225 13 0
1225 14 0
1225 15 0
1225 16 0
1225 17 0
1225 18 0
1225 19 0
1225 20 0
1225 21 0
1225 22 0
1225 23 0
1225 24 0
1225 25 0
1225 26 0
1225 27 0
1225 28 0
1225 29 0
1225 30 0
1225 31 0
1225 32 0
1225 33 0
1225 34 0
1225 35 0
1225 36 0
1225 37 0
1225 38 0
1225 39 0
1225 40 0
1225 41 0
1225 42 0
1225 43 0
1225 44 0
1225 45 0
1225 46 0
1225 47 0
1225 48 0
1225 49 0
1225 50 0
1230 0 0
1230 1 0
1230 2 0
1230 3 0
1230 4 0
1230 5 0
1230 6 0
1230 7 0
1230 8 0
1230 9 0
1230 10 0
1230 11 0
1230 12 0
1230 13 0
1230 14 0
1230 15 0
1230 16 0
1230 17 0
1230 18 0
1230 19 0
1230 20 0
1230 21 0
1230 22 0
1230 23 0
1230 24 0
1230 25 0
1230 26 0
1230 27 0
1230 28 0
1230 29 0
1230 30 0
1230 31 0
1230 32 0
1230 33 0
1230 34 0
1230 35 0
1230 36 0
1230 37 0
1230 38 0
1230 39 0
1230 40 0
1230 41 0
1230 42 0
1230 43 0
1230 44 0
1230 45 0
1230 46 0
1230 47 0
1230 48 0
1230 49 0
1230 50 0
1235 0 0
1235 1 0
1235 2 0
1235 3 0
1235 4 0
1235 5 0
1235 6 0
1235 7 0
1235 8 0
1235 9 0
1235 10 0
1235 11 0
1235 12 0
1235 13 0
1235 14 0
1235 15 0
1235 16 0
1235 17 0
1235 18 0
1235 19 0
1235 20 0
1235 21 0
1235 22 0
1235 23 0
1235 24 0
1235 25 0
1235 26 0
1235 27 0
1235 28 0
1235 29 0
1235 30 0
1235 31 0
1235 32 0
1235 33 0
1235 34 0
1235 35 0
1235 36 0
1235 37 0
1235 38 0
1235 39 0
1235 40 0
1235 41 0
1235 42 0
1235 43 0
1235 44 0
1235 45 0
1235 46 0
1235 47 0
1235 48 0
1235 49 0
1235 50 0
1240 0 0
1240 1 0
1240 2 0
1240 3 0
1240 4 0
1240 5 0
1240 6 0
1240 7 0
1240 8 0
1240 9 0
1240 10 0
1240 11 0
1240 12 0
1240 13 0
1240 14 0
1240 15 0
1240 16 0
1240 17 0
1240 18 0
1240 19 0
1240 20 0
1240 21 0
1240 22 0
1240 23 0
1240 24 0
1240 25 0
1240 26 0
1240 27 0
1240 28 0
1240 29 0
1240 30 0
1240 31 0
1240 32 0
1240 33 0
1240 34 0
1240 35 0
1240 36 0
1240 37 0
1240 38 0
1240 39 0
1240 40 0
1240 41 0
1240 42 0
1240 43 0
1240 44 0
1240 45 0
1240 46 0
1240 47 0
1240 48 0
1240 49 0
1240 50 0
1245 0 0
1245 1 0
1245 2 0
1245 3 0
1245 4 0
1245 5 0
1245 6 0
1245 7 0
1245 8 0
1245 9 0
1245 10 0
1245 11 0
1245 12 0
1245 13 0
1245 14 0
1245 15 0
1245 16 0
1245 17 0
1245 18 0
1245 19 0
1245 20 0
1245 21 0
1245 22 0
1245 23 0
1245 24 0
1245 25 0
1245 26 0
1245 27 0
1245 28 0
1245 29 0
1245 30 0
1245 31 0
1245 32 0
1245 33 0
1245 34 0
1245 35 0
1245 36 0
1245 37 0
1245 38 0
1245 39 0
1245 40 0
1245 41 0
1245 42 0
1245 43 0
1245 44 0
1245 45 0
1245 46 0
1245 47 0
1245 48 0
1245 49 0
1245 50 0
1250 0 0
1250 1 0
1250 2 0
1250 3 0
1250 4 0
1250 5 0
1250 6 0
1250 7 0
1250 8 0
1250 9 0
1250 10 0
1250 11 0
1250 12 0
1250 13 0
1250 14 0
1250 15 0
1250 16 0
1250 17 0
1250 18 0
1250 19 0
1250 20 0
1250 21 0
1250 22 0
1250 23 0
1250 24 0
1250 25 0
1250 26 0
1250 27 0
1250 28 0
1250 29 0
1250 30 0
1250 31 0
1250 32 0
1250 33 0
1250 34 0
1250 35 0
1250 36 0
1250 37 0
1250 38 0
1250 39 0
1250 40 0
1250 41 0
1250 42 0
1250 43 0
1250 44 0
1250 45 0
1250 46 0
1250 47 0
1250 48 0
1250 49 0
1250 50 0
1255 0 0
1255 1 0
1255 2 0
1255 3 0
1255 4 0
1255 5 0
1255 6 0
1255 7 0
1255 8 0
1255 9 0
1255 10 0
1255 11 0
1255 12 0
1255 13 0
1255 14 0
1255 15 0
1255 16 0
1255 17 0
1255 18 0
1255 19 0
1255 20 0
1255 21 0
1255 22 0
1255 23 0
1255 24 0
1255 25 0
1255 26 0
1255 27 0
1255 28 0
1255 29 0
1255 30 0
1255 31 0
1255 32 0
1255 33 0
1255 34 0
1255 35 0
1255 36 0
1255 37 0
1255 38 0
1255 39 0
1255 40 0
1255 41 0
1255 42 0
1255 43 0
1255 44 0
1255 45 0
1255 46 0
1255 47 0
1255 48 0
1255 49 0
1255 50 0
1260 0 0
1260 1 0
1260 2 0
1260 3 0
1260 4 0
1260 5 0
1260 6 0
1260 7 0
1260 8 0
1260 9 0
1260 10 0
1260 11 0
1260 12 0
1260 13 0
1260 14 0
1260 15 0
1260 16 0
1260 17 0
1260 18 0
1260 19 0
1260 20 0
1260 21 0
1260 22 0
1260 23 0
1260 24 0
1260 25 0
1260 26 0
1260 27 0
1260 28 0
1260 29 0
1260 30 0
1260 31 0
1260 32 0
1260 33 0
1260 34 0
1260 35 0
1260 36 0
1260 37 0
1260 38 0
1260 39 0
1260 40 0
1260 41 0
1260 42 0
1260 43 0
1260 44 0
1260 45 0
1260 46 0
1260 47 0
1260 48 0
1260 49 0
1260 50 0
1265 0 0
1265 1 0
1265 2 0
1265 3 0
1265 4 0
1265 5 0
1265 6 0
1265 7 0
1265 8 0
1265 9 0
1265 10 0
1265 11 0
1265 12 0
1265 13 0
1265 14 0
1265 15 0
1265 16 0
1265 17 0
1265 18 0
1265 19 0
1265 20 0
1265 21 0
1265 22 0
1265 23 0
1265 24 0
1265 25 0
1265 26 0
1265 27 0
1265 28 0
1265 29 0
1265 30 0
1265 31 0
1265 32 0
1265 33 0
1265 34 0
1265 35 0
1265 36 0
1265 37 0
1265 38 0
1265 39 0
1265 40 0
1265 41 0
1265 42 0
1265 43 0
1265 44 0
1265 45 0
1265 46 0
1265 47 0
1265 48 0
1265 49 0
1265 50 0
1270 0 0
1270 1 0
1270 2 0
1270 3 0
1270 4 0
1270 5 0
1270 6 0
1270 7 0
1270 8 0
1270 9 0
1270 10 0
1270 11 0
1270 12 0
1270 13 0
1270 14 0
1270 15 0
1270 16 0
1270 17 0
1270 18 0
1270 19 0
1270 20 0
1270 21 0
1270 22 0
1270 23 0
1270 24 0
1270 25 0
1270 26 0
1270 27 0
1270 28 0
1270 29 0
1270 30 0
1270 31 0
1270 32 0
1270 33 0
1270 34 0
1270 35 0
1270 36 0
1270 37 0
1270 38 0
1270 39 0
1270 40 0
1270 41 0
1270 42 0
1270 43 0
1270 44 0
1270 45 0
1270 46 0
1270 47 0
1270 48 0
1270 49 0
1270 50 0
1275 0 0
1275 1 0
1275 2 0
1275 3 0
1275 4 0
1275 5 0
1275 6 0
1275 7 0
1275 8 0
1275 9 0
1275 10 0
1275 11 0
1275 12 0
1275 13 0
1275 14 0
1275 15 0
1275 16 0
1275 17 0
1275 18 0
1275 19 0
1275 20 0
1275 21 0
1275 22 0
1275 23 0
1275 24 0
1275 25 0
1275 26 0
1275 27 0
1275 28 0
1275 29 0
1275 30 0
1275 31 0
1275 32 0
1275 33 0
1275 34 0
1275 35 0
1275 36 0
1275 37 0
1275 38 0
1275 39 0
1275 40 0
1275 41 0
1275 42 0
1275 43 0
1275 44 0
1275 45 0
1275 46 0
1275 47 0
1275 48 0
1275 49 0
1275 50 0
1280 0 0
1280 1 0
1280 2 0
1280 3 0
1280 4 0
1280 5 0
1280 6 0
1280 7 0
1280 8 0
1280 9 0
1280 10 0
1280 11 0
1280 12 0
1280 13 0
1280 14 0
1280 15 0
1280 16 0
1280 17 0
1280 18 0
1280 19 0
1280 20 0
1280 21 0
1280 22 0
1280 23 0
1280 24 0
1280 25 0
1280 26 0
1280 27 0
1280 28 0
1280 29 0
1280 30 0
1280 31 0
1280 32 0
1280 33 0
1280 34 0
1280 35 0
1280 36 0
1280 37 0
1280 38 0
1280 39 0
1280 40 0
1280 41 0
1280 42 0
1280 43 0
1280 44 0
1280 45 0
1280 46 0
1280 47 0
1280 48 0
1280 49 0
1280 50 0
1285 0 0
1285 1 0
1285 2 0
1285 3 0
1285 4 0
1285 5 0
1285 6 0
1285 7 0
1285 8 0
1285 9 0
1285 10 0
1285 11 0
1285 12 0
1285 13 0
1285 14 0
1285 15 0
1285 16 0
1285 17 0
1285 18 0
1285 19 0
1285 20 0
1285 21 0
1285 22 0
1285 23 0
1285 24 0
1285 25 0
1285 26 0
1285 27 0
1285 28 0
1285 29 0
1285 30 0
1285 31 0
1285 32 0
1285 33 0
1285 34 0
1285 35 0
1285 36 0
1285 37 0
1285 38 0
1285 39 0
1285 40 0
1285 41 0
1285 42 0
1285 43 0
1285 44 0
1285 45 0
1285 46 0
1285 47 0
1285 48 0
1285 49 0
1285 50 0
1290 0 0
1290 1 0
1290 2 0
1290 3 0
1290 4 0
1290 5 0
1290 6 0
1290 7 0
1290 8 0
1290 9 0
1290 10 0
1290 11 0
1290 12 0
1290 13 0
1290 14 0
1290 15 0
1290 16 0
1290 17 0
1290 18 0
1290 19 0
1290 20 0
1290 21 0
1290 22 0
1290 23 0
1290 24 0
1290 25 0
1290 26 0
1290 27 0
1290 28 0
1290 29 0
1290 30 0
1290 31 0
1290 32 0
1290 33 0
1290 34 0
1290 35 0
1290 36 0
1290 37 0
1290 38 0
1290 39 0
1290 40 0
1290 41 0
1290 42 0
1290 43 0
1290 44 0
1290 45 0
1290 46 0
1290 47 0
1290 48 0
1290 49 0
1290 50 0
1295 0 0
1295 1 0
1295 2 0
1295 3 0
1295 4 0
1295 5 0
1295 6 0
1295 7 0
1295 8 0
1295 9 0
1295 10 0
1295 11 0
1295 12 0
1295 13 0
1295 14 0
1295 15 0
1295 16 0
1295 17 0
1295 18 0
1295 19 0
1295 20 0
1295 21 0
1295 22 0
1295 23 0
1295 24 0
1295 25 0
1295 26 0
1295 27 0
1295 28 0
1295 29 0
1295 30 0
1295 31 0
1295 32 0
1295 33 0
1295 34 0
1295 35 0
1295 36 0
1295 37 0
1295 38 0
1295 39 0
1295 40 0
1295 41 0
1295 42 0
1295 43 0
1295 44 0
1295 45 0
1295 46 0
1295 47 0
1295 48 0
1295 49 0
1295 50 0
1300 0 0
1300 1 0
1300 2 0
1300 3 0
1300 4 0
1300 5 0
1300 6 0
1300 7 0
1300 8 0
1300 9 0
1300 10 0
1300 11 0
1300 12 0
1300 13 0
1300 14 0
1300 15 0
1300 16 0
1300 17 0
1300 18 0
1300 19 0
1300 20 0
1300 21 0
1300 22 0
1300 23 0
1300 24 0
1300 25 0
1300 26 0
1300 27 0
1300 28 0
1300 29 0
1300 30 0
1300 31 0
1300 32 0
1300 33 0
1300 34 0
1300 35 0
1300 36 0
1300 37 0
1300 38 0
1300 39 0
1300 40 0
1300 41 0
1300 42 0
1300 43 0
1300 44 0
1300 45 0
1300 46 0
1300 47 0
1300 48 0
1300 49 0
1300 50 0
1305 0 0
1305 1 0
1305 2 0
1305 3 0
1305 4 0
1305 5 0
1305 6 0
1305 7 0
1305 8 0
1305 9 0
1305 10 0
1305 11 0
1305 12 0
1305 13 0
1305 14 0
1305 15 0
1305 16 0
1305 17 0
1305 18 0
1305 19 0
1305 20 0
1305 21 0
1305 22 0
1305 23 0
1305 24 0
1305 25 0
1305 26 0
1305 27 0
1305 28 0
1305 29 0
1305 30 0
1305 31 0
1305 32 0
1305 33 0
1305 34 0
1305 35 0
1305 36 0
1305 37 0
1305 38 0
1305 39 0
1305 40 0
1305 41 0
1305 42 0
1305 43 0
1305 44 0
1305 45 0
1305 46 0
1305 47 0
1305 48 0
1305 49 0
1305 50 0
1310 0 0
1310 1 0
1310 2 0
1310 3 0
1310 4 0
1310 5 0
1310 6 0
1310 7 0
1310 8 0
1310 9 0
1310 10 0
1310 11 0
1310 12 0
1310 13 0
1310 14 0
1310 15 0
1310 16 0
1310 17 0
1310 18 0
1310 19 0
1310 20 0
1310 21 0
1310 22 0
1310 23 0
1310 24 0
1310 25 0
1310 26 0
1310 27 0
1310 28 0
1310 29 0
1310 30 0
1310 31 0
1310 32 0
1310 33 0
1310 34 0
1310 35 0
1310 36 0
1310 37 0
1310 38 0
1310 39 0
1310 40 0
1310 41 0
1310 42 0
1310 43 0
1310 44 0
1310 45 0
1310 46 0
1310 47 0
1310 48 0
1310 49 0
1310 50 0
1315 0 0
1315 1 0
1315 2 0
1315 3 0
1315 4 0
1315 5 0
1315 6 0
1315 7 0
1315 8 0
1315 9 0
1315 10 0
1315 11 0
1315 12 0
1315 13 0
1315 14 0
1315 15 0
1315 16 0
1315 17 0
1315 18 0
1315 19 0
1315 20 0
1315 21 0
1315 22 0
1315 23 0
1315 24 0
1315 25 0
1315 26 0
1315 27 0
1315 28 0
1315 29 0
1315 30 0
1315 31 0
1315 32 0
1315 33 0
1315 34 0
1315 35 0
1315 36 0
1315 37 0
1315 38 0
1315 39 0
1315 40 0
1315 41 0
1315 42 0
1315 43 0
1315 44 0
1315 45 0
1315 46 0
1315 47 0
1315 48 0
1315 49 0
1315 50 0
1320 0 0
1320 1 0
1320 2 0
1320 3 0
1320 4 0
1320 5 0
1320 6 0
1320 7 0
1320 8 0
1320 9 0
1320 10 0
1320 11 0
1320 12 0
1320 13 0
1320 14 0
1320 15 0
1320 16 0
1320 17 0
1320 18 0
1320 19 0
1320 20 0
1320 21 0
1320 22 0
1320 23 0
1320 24 0
1320 25 0
1320 26 0
1320 27 0
1320 28 0
1320 29 0
1320 30 0
1320 31 0
1320 32 0
1320 33 0
1320 34 0
1320 35 0
1320 36 0
1320 37 0
1320 38 0
1320 39 0
1320 40 0
1320 41 0
1320 42 0
1320 43 0
1320 44 0
1320 45 0
1320 46 0
1320 47 0
1320 48 0
1320 49 0
1320 50 0
1325 0 0
1325 1 0
1325 2 0
1325 3 0
1325 4 0
1325 5 0
1325 6 0
1325 7 0
1325 8 0
1325 9 0
1325 10 0
1325 11 0
1325 12 0
1325 13 0
1325 14 0
1325 15 0
1325 16 0
1325 17 0
1325 18 0
1325 19 0
1325 20 0
1325 21 0
1325 22 0
1325 23 0
1325 24 0
1325 25 0
1325 26 0
1325 27 0
1325 28 0
1325 29 0
1325 30 0
1325 31 0
1325 32 0
1325 33 0
1325 34 0
1325 35 0
1325 36 0
1325 37 0
1325 38 0
1325 39 0
1325 40 0
1325 41 0
1325 42 0
1325 43 0
1325 44 0
1325 45 0
1325 46 0
1325 47 0
1325 48 0
1325 49 0
1325 50 0
1330 0 0
1330 1 0
1330 2 0
1330 3 0
1330 4 0
1330 5 0
1330 6 0
1330 7 0
1330 8 0
1330 9 0
1330 10 0
1330 11 0
1330 12 0
1330 13 0
1330 14 0
1330 15 0
1330 16 0
1330 17 0
1330 18 0
1330 19 0
1330 20 0
1330 21 0
1330 22 0
1330 23 0
1330 24 0
1330 25 0
1330 26 0
1330 27 0
1330 28 0
1330 29 0
1330 30 0
1330 31 0
1330 32 0
1330 33 0
1330 34 0
1330 35 0
1330 36 0
1330 37 0
1330 38 0
1330 39 0
1330 40 0
1330 41 0
1330 42 0
1330 43 0
1330 44 0
1330 45 0
1330 46 0
1330 47 0
1330 48 0
1330 49 0
1330 50 0
1335 0 0
1335 1 0
1335 2 0
1335 3 0
1335 4 0
1335 5 0
1335 6 0
1335 7 0
1335 8 0
1335 9 0
1335 10 0
1335 11 0
1335 12 0
1335 13 0
1335 14 0
1335 15 0
1335 16 0
1335 17 0
1335 18 0
1335 19 0
1335 20 0
1335 21 0
1335 22 0
1335 23 0
1335 24 0
1335 25 0
1335 26 0
1335 27 0
1335 28 0
1335 29 0
1335 30 0
1335 31 0
1335 32 0
1335 33 0
1335 34 0
1335 35 0
1335 36 0
1335 37 0
1335 38 0
1335 39 0
1335 40 0
1335 41 0
1335 42 0
1335 43 0
1335 44 0
1335 45 0
1335 46 0
1335 47 0
1335 48 0
1335 49 0
1335 50 0
1340 0 0
1340 1 0
1340 2 0
1340 3 0
1340 4 0
1340 5 0
1340 6 0
1340 7 0
1340 8 0
1340 9 0
1340 10 0
1340 11 0
1340 12 0
1340 13 0
1340 14 0
1340 15 0
1340 16 0
1340 17 0
1340 18 0
1340 19 0
1340 20 0
1340 21 0
1340 22 0
1340 23 0
1340 24 0
1340 25 0
1340 26 0
1340 27 0
1340 28 0
1340 29 0
1340 30 0
1340 31 0
1340 32 0
1340 33 0
1340 34 0
1340 35 0
1340 36 0
1340 37 0
1340 38 0
1340 39 0
1340 40 0
1340 41 0
1340 42 0
1340 43 0
1340 44 0
1340 45 0
1340 46 0
1340 47 0
1340 48 0
1340 49 0
1340 50 0
1345 0 0
1345 1 0
1345 2 0
1345 3 0
1345 4 0
1345 5 0
1345 6 0
1345 7 0
1345 8 0
1345 9 0
1345 10 0
1345 11 0
1345 12 0
1345 13 0
1345 14 0
1345 15 0
1345 16 0
1345 17 0
1345 18 0
1345 19 0
1345 20 0
1345 21 0
1345 22 0
1345 23 0
1345 24 0
1345 25 0
1345 26 0
1345 27 0
1345 28 0
1345 29 0
1345 30 0
1345 31 0
1345 32 0
1345 33 0
1345 34 0
1345 35 0
1345 36 0
1345 37 0
1345 38 0
1345 39 0
1345 40 0
1345 41 0
1345 42 0
1345 43 0
1345 44 0
1345 45 0
1345 46 0
1345 47 0
1345 48 0
1345 49 0
1345 50 0
1350 0 0
1350 1 0
1350 2 0
1350 3 0
1350 4 0
1350 5 0
1350 6 0
1350 7 0
1350 8 0
1350 9 0
1350 10 0
1350 11 0
1350 12 0
1350 13 0
1350 14 0
1350 15 0
1350 16 0
1350 17 0
1350 18 0
1350 19 0
1350 20 0
1350 21 0
1350 22 0
1350 23 0
1350 24 0
1350 25 0
1350 26 0
1350 27 0
1350 28 0
1350 29 0
1350 30 0
1350 31 0
1350 32 0
1350 33 0
1350 34 0
1350 35 0
1350 36 0
1350 37 0
1350 38 0
1350 39 0
1350 40 0
1350 41 0
1350 42 0
1350 43 0
1350 44 0
1350 45 0
1350 46 0
1350 47 0
1350 48 0
1350 49 0
1350 50 0
1355 0 0
1355 1 0
1355 2 0
1355 3 0
1355 4 0
1355 5 0
1355 6 0
1355 7 0
1355 8 0
1355 9 0
1355 10 0
1355 11 0
1355 12 0
1355 13 0
1355 14 0
1355 15 0
1355 16 0
1355 17 0
1355 18 0
1355 19 0
1355 20 0
1355 21 0
1355 22 0
1355 23 0
1355 24 0
1355 25 0
1355 26 0
1355 27 0
1355 28 0
1355 29 0
1355 30 0
1355 31 0
1355 32 0
1355 33 0
1355 34 0
1355 35 0
1355 36 0
1355 37 0
1355 38 0
1355 39 0
1355 40 0
1355 41 0
1355 42 0
1355 43 0
1355 44 0
1355 45 0
1355 46 0
1355 47 0
1355 48 0
1355 49 0
1355 50 0
1360 0 0
1360 1 0
1360 2 0
1360 3 0
1360 4 0
1360 5 0
1360 6 0
1360 7 0
1360 8 0
1360 9 0
1360 10 0
1360 11 0
1360 12 0
1360 13 0
1360 14 0
1360 15 0
1360 16 0
1360 17 0
1360 18 0
1360 19 0
1360 20 0
1360 21 0
1360 22 0
1360 23 0
1360 24 0
1360 25 0
1360 26 0
1360 27 0
1360 28 0
1360 29 0
1360 30 0
1360 31 0
1360 32 0
1360 33 0
1360 34 0
1360 35 0
1360 36 0
1360 37 0
1360 38 0
1360 39 0
1360 40 0
1360 41 0
1360 42 0
1360 43 0
1360 44 0
1360 45 0
1360 46 0
1360 47 0
1360 48 0
1360 49 0
1360 50 0
1365 0 0
1365 1 0
1365 2 0
1365 3 0
1365 4 0
1365 5 0
1365 6 0
1365 7 0
1365 8 0
1365 9 0
1365 10 0
1365 11 0
1365 12 0
1365 13 0
1365 14 0
1365 15 0
1365 16 0
1365 17 0
1365 18 0
1365 19 0
1365 20 0
1365 21 0
1365 22 0
1365 23 0
1365 24 0
1365 25 0
1365 26 0
1365 27 0
1365 28 0
1365 29 0
1365 30 0
1365 31 0
1365 32 0
1365 33 0
1365 34 0
1365 35 0
1365 36 0
1365 37 0
1365 38 0
1365 39 0
1365 40 0
1365 41 0
1365 42 0
1365 43 0
1365 44 0
1365 45 0
1365 46 0
1365 47 0
1365 48 0
1365 49 0
1365 50 0
1370 0 0
1370 1 0
1370 2 0
1370 3 0
1370 4 0
1370 5 0
1370 6 0
1370 7 0
1370 8 0
1370 9 0
1370 10 0
1370 11 0
1370 12 0
1370 13 0
1370 14 0
1370 15 0
1370 16 0
1370 17 0
1370 18 0
1370 19 0
1370 20 0
1370 21 0
1370 22 0
1370 23 0
1370 24 0
1370 25 0
1370 26 0
1370 27 0
1370 28 0
1370 29 0
1370 30 0
1370 31 0
1370 32 0
1370 33 0
1370 34 0
1370 35 0
1370 36 0
1370 37 0
1370 38 0
1370 39 0
1370 40 0
1370 41 0
1370 42 0
1370 43 0
1370 44 0
1370 45 0
1370 46 0
1370 47 0
1370 48 0
1370 49 0
1370 50 0
1375 0 0
1375 1 0
1375 2 0
1375 3 0
1375 4 0
1375 5 0
1375 6 0
1375 7 0
1375 8 0
1375 9 0
1375 10 0
1375 11 0
1375 12 0
1375 13 0
1375 14 0
1375 15 0
1375 16 0
1375 17 0
1375 18 0
1375 19 0
1375 20 0
1375 21 0
1375 22 0
1375 23 0
1375 24 0
1375 25 0
1375 26 0
1375 27 0
1375 28 0
1375 29 0
1375 30 0
1375 31 0
1375 32 0
1375 33 0
1375 34 0
1375 35 0
1375 36 0
1375 37 0
1375 38 0
1375 39 0
1375 40 0
1375 41 0
1375 42 0
1375 43 0
1375 44 0
1375 45 0
1375 46 0
1375 47 0
1375 48 0
1375 49 0
1375 50 0
1380 0 0
1380 1 0
1380 2 0
1380 3 0
1380 4 0
1380 5 0
1380 6 0
1380 7 0
1380 8 0
1380 9 0
1380 10 0
1380 11 0
1380 12 0
1380 13 0
1380 14 0
1380 15 0
1380 16 0
1380 17 0
1380 18 0
1380 19 0
1380 20 0
1380 21 0
1380 22 0
1380 23 0
1380 24 0
1380 25 0
1380 26 0
1380 27 0
1380 28 0
1380 29 0
1380 30 0
1380 31 0
1380 32 0
1380 33 0
1380 34 0
1380 35 0
1380 36 0
1380 37 0
1380 38 0
1380 39 0
1380 40 0
1380 41 0
1380 42 0
1380 43 0
1380 44 0
1380 45 0
1380 46 0
1380 47 0
1380 48 0
1380 49 0
1380 50 0
1385 0 0
1385 1 0
1385 2 0
1385 3 0
1385 4 0
1385 5 0
1385 6 0
1385 7 0
1385 8 0
1385 9 0
1385 10 0
1385 11 0
1385 12 0
1385 13 0
1385 14 0
1385 15 0
1385 16 0
1385 17 0
1385 18 0
1385 19 0
1385 20 0
1385 21 0
1385 22 0
1385 23 0
1385 24 0
1385 25 0
1385 26 0
1385 27 0
1385 28 0
1385 29 0
1385 30 0
1385 31 0
1385 32 0
1385 33 0
1385 34 0
1385 35 0
1385 36 0
1385 37 0
1385 38 0
1385 39 0
1385 40 0
1385 41 0
1385 42 0
1385 43 0
1385 44 0
1385 45 0
1385 46 0
1385 47 0
1385 48 0
1385 49 0
1385 50 0
1390 0 0
1390 1 0
1390 2 0
1390 3 0
1390 4 0
1390 5 0
1390 6 0
1390 7 0
1390 8 0
1390 9 0
1390 10 0
1390 11 0
1390 12 0
1390 13 0
1390 14 0
1390 15 0
1390 16 0
1390 17 0
1390 18 0
1390 19 0
1390 20 0
1390 21 0
1390 22 0
1390 23 0
1390 24 0
1390 25 0
1390 26 0
1390 27 0
1390 28 0
1390 29 0
1390 30 0
1390 31 0
1390 32 0
1390 33 0
1390 34 0
1390 35 0
1390 36 0
1390 37 0
1390 38 0
1390 39 0
1390 40 0
1390 41 0
1390 42 0
1390 43 0
1390 44 0
1390 45 0
1390 46 0
1390 47 0
1390 48 0
1390 49 0
1390 50 0
1395 0 0
1395 1 0
1395 2 0
1395 3 0
1395 4 0
1395 5 0
1395 6 0
1395 7 0
1395 8 0
1395 9 0
1395 10 0
1395 11 0
1395 12 0
1395 13 0
1395 14 0
1395 15 0
1395 16 0
1395 17 0
1395 18 0
1395 19 0
1395 20 0
1395 21 0
1395 22 0
1395 23 0
1395 24 0
1395 25 0
1395 26 0
1395 27 0
1395 28 0
1395 29 0
1395 30 0
1395 31 0
1395 32 0
1395 33 0
1395 34 0
1395 35 0
1395 36 0
1395 37 0
1395 38 0
1395 39 0
1395 40 0
1395 41 0
1395 42 0
1395 43 0
1395 44 0
1395 45 0
1395 46 0
1395 47 0
1395 48 0
1395 49 0
1395 50 0
1400 0 0
1400 1 0
1400 2 0
1400 3 0
1400 4 0
1400 5 0
1400 6 0
1400 7 0
1400 8 0
1400 9 0
1400 10 0
1400 11 0
1400 12 0
1400 13 0
1400 14 0
1400 15 0
1400 16 0
1400 17 0
1400 18 0
1400 19 0
1400 20 0
1400 21 0
1400 22 0
1400 23 0
1400 24 0
1400 25 0
1400 26 0
1400 27 0
1400 28 0
1400 29 0
1400 30 0
1400 31 0
1400 32 0
1400 33 0
1400 34 0
1400 35 0
1400 36 0
1400 37 0
1400 38 0
1400 39 0
1400 40 0
1400 41 0
1400 42 0
1400 43 0
1400 44 0
1400 45 0
1400 46 0
1400 47 0
1400 48 0
1400 49 0
1400 50 0
1405 0 0
1405 1 0
1405 2 0
1405 3 0
1405 4 0
1405 5 0
1405 6 0
1405 7 0
1405 8 0
1405 9 0
1405 10 0
1405 11 0
1405 12 0
1405 13 0
1405 14 0
1405 15 0
1405 16 0
1405 17 0
1405 18 0
1405 19 0
1405 20 0
1405 21 0
1405 22 0
1405 23 0
1405 24 0
1405 25 0
1405 26 0
1405 27 0
1405 28 0
1405 29 0
1405 30 0
1405 31 0
1405 32 0
1405 33 0
1405 34 0
1405 35 0
1405 36 0
1405 37 0
1405 38 0
1405 39 0
1405 40 0
1405 41 0
1405 42 0
1405 43 0
1405 44 0
1405 45 0
1405 46 0
1405 47 0
1405 48 0
1405 49 0
1405 50 0
1410 0 0
1410 1 0
1410 2 0
1410 3 0
1410 4 0
1410 5 0
1410 6 0
1410 7 0
1410 8 0
1410 9 0
1410 10 0
1410 11 0
1410 12 0
1410 13 0
1410 14 0
1410 15 0
1410 16 0
1410 17 0
1410 18 0
1410 19 0
1410 20 0
1410 21 0
1410 22 0
1410 23 0
1410 24 0
1410 25 0
1410 26 0
1410 27 0
1410 28 0
1410 29 0
1410 30 0
1410 31 0
1410 32 0
1410 33 0
1410 34 0
1410 35 0
1410 36 0
1410 37 0
1410 38 0
1410 39 0
1410 40 0
1410 41 0
1410 42 0
1410 43 0
1410 44 0
1410 45 0
1410 46 0
1410 47 0
1410 48 0
1410 49 0
1410 50 0
1415 0 0
1415 1 0
1415 2 0
1415 3 0
1415 4 0
1415 5 0
1415 6 0
1415 7 0
1415 8 0
1415 9 0
1415 10 0
1415 11 0
1415 12 0
1415 13 0
1415 14 0
1415 15 0
1415 16 0
1415 17 0
1415 18 0
1415 19 0
1415 20 0
1415 21 0
1415 22 0
1415 23 0
1415 24 0
1415 25 0
1415 26 0
1415 27 0
1415 28 0
1415 29 0
1415 30 0
1415 31 0
1415 32 0
1415 33 0
1415 34 0
1415 35 0
1415 36 0
1415 37 0
1415 38 0
1415 39 0
1415 40 0
1415 41 0
1415 42 0
1415 43 0
1415 44 0
1415 45 0
1415 46 0
1415 47 0
1415 48 0
1415 49 0
1415 50 0
1420 0 0
1420 1 0
1420 2 0
1420 3 0
1420 4 0
1420 5 0
1420 6 0
1420 7 0
1420 8 0
1420 9 0
1420 10 0
1420 11 0
1420 12 0
1420 13 0
1420 14 0
1420 15 0
1420 16 0
1420 17 0
1420 18 0
1420 19 0
1420 20 0
1420 21 0
1420 22 0
1420 23 0
1420 24 0
1420 25 0
1420 26 0
1420 27 0
1420 28 0
1420 29 0
1420 30 0
1420 31 0
1420 32 0
1420 33 0
1420 34 0
1420 35 0
1420 36 0
1420 37 0
1420 38 0
1420 39 0
1420 40 0
1420 41 0
1420 42 0
1420 43 0
1420 44 0
1420 45 0
1420 46 0
1420 47 0
1420 48 0
1420 49 0
1420 50 0
1425 0 0
1425 1 0
1425 2 0
1425 3 0
1425 4 0
1425 5 0
1425 6 0
1425 7 0
1425 8 0
1425 9 0
1425 10 0
1425 11 0
1425 12 0
1425 13 0
1425 14 0
1425 15 0
1425 16 0
1425 17 0
1425 18 0
1425 19 0
1425 20 0
1425 21 0
1425 22 0
1425 23 0
1425 24 0
1425 25 0
1425 26 0
1425 27 0
1425 28 0
1425 29 0
1425 30 0
1425 31 0
1425 32 0
1425 33 0
1425 34 0
1425 35 0
1425 36 0
1425 37 0
1425 38 0
1425 39 0
1425 40 0
1425 41 0
1425 42 0
1425 43 0
1425 44 0
1425 45 0
1425 46 0
1425 47 0
1425 48 0
1425 49 0
1425 50 0
1430 0 0
1430 1 0
1430 2 0
1430 3 0
1430 4 0
1430 5 0
1430 6 0
1430 7 0
1430 8 0
1430 9 0
1430 10 0
1430 11 0
1430 12 0
1430 13 0
1430 14 0
1430 15 0
1430 16 0
1430 17 0
1430 18 0
1430 19 0
1430 20 0
1430 21 0
1430 22 0
1430 23 0
1430 24 0
1430 25 0
1430 26 0
1430 27 0
1430 28 0
1430 29 0
1430 30 0
1430 31 0
1430 32 0
1430 33 0
1430 34 0
1430 35 0
1430 36 0
1430 37 0
1430 38 0
1430 39 0
1430 40 0
1430 41 0
1430 42 0
1430 43 0
1430 44 0
1430 45 0
1430 46 0
1430 47 0
1430 48 0
1430 49 0
1430 50 0
1435 0 0
1435 1 0
1435 2 0
1435 3 0
1435 4 0
1435 5 0
1435 6 0
1435 7 0
1435 8 0
1435 9 0
1435 10 0
1435 11 0
1435 12 0
1435 13 0
1435 14 0
1435 15 0
1435 16 0
1435 17 0
1435 18 0
1435 19 0
1435 20 0
1435 21 0
1435 22 0
1435 23 0
1435 24 0
1435 25 0
1435 26 0
1435 27 0
1435 28 0
1435 29 0
1435 30 0
1435 31 0
1435 32 0
1435 33 0
1435 34 0
1435 35 0
1435 36 0
1435 37 0
1435 38 0
1435 39 0
1435 40 0
1435 41 0
1435 42 0
1435 43 0
1435 44 0
1435 45 0
1435 46 0
1435 47 0
1435 48 0
1435 49 0
1435 50 0
1440 0 0
1440 1 0
1440 2 0
1440 3 0
1440 4 0
1440 5 0
1440 6 0
1440 7 0
1440 8 0
1440 9 0
1440 10 0
1440 11 0
1440 12 0
1440 13 0
1440 14 0
1440 15 0
1440 16 0
1440 17 0
1440 18 0
1440 19 0
1440 20 0
1440 21 0
1440 22 0
1440 23 0
1440 24 0
1440 25 0
1440 26 0
1440 27 0
1440 28 0
1440 29 0
1440 30 0
1440 31 0
1440 32 0
1440 33 0
1440 34 0
1440 35 0
1440 36 0
1440 37 0
1440 38 0
1440 39 0
1440 40 0
1440 41 0
1440 42 0
1440 43 0
1440 44 0
1440 45 0
1440 46 0
1440 47 0
1440 48 0
1440 49 0
1440 50 0
1445 0 0
1445 1 0
1445 2 0
1445 3 0
1445 4 0
1445 5 0
1445 6 0
1445 7 0
1445 8 0
1445 9 0
1445 10 0
1445 11 0
1445 12 0
1445 13 0
1445 14 0
1445 15 0
1445 16 0
1445 17 0
1445 18 0
1445 19 0
1445 20 0
1445 21 0
1445 22 0
1445 23 0
1445 24 0
1445 25 0
1445 26 0
1445 27 0
1445 28 0
1445 29 0
1445 30 0
1445 31 0
1445 32 0
1445 33 0
1445 34 0
1445 35 0
1445 36 0
1445 37 0
1445 38 0
1445 39 0
1445 40 0
1445 41 0
1445 42 0
1445 43 0
1445 44 0
1445 45 0
1445 46 0
1445 47 0
1445 48 0
1445 49 0
1445 50 0
1450 0 0
1450 1 0
1450 2 0
1450 3 0
1450 4 0
1450 5 0
1450 6 0
1450 7 0
1450 8 0
1450 9 0
1450 10 0
1450 11 0
1450 12 0
1450 13 0
1450 14 0
1450 15 0
1450 16 0
1450 17 0
1450 18 0
1450 19 0
1450 20 0
1450 21 0
1450 22 0
1450 23 0
1450 24 0
1450 25 0
1450 26 0
1450 27 0
1450 28 0
1450 29 0
1450 30 0
1450 31 0
1450 32 0
1450 33 0
1450 34 0
1450 35 0
1450 36 0
1450 37 0
1450 38 0
1450 39 0
1450 40 0
1450 41 0
1450 42 0
1450 43 0
1450 44 0
1450 45 0
1450 46 0
1450 47 0
1450 48 0
1450 49 0
1450 50 0
1455 0 0
1455 1 0
1455 2 0
1455 3 0
1455 4 0
1455 5 0
1455 6 0
1455 7 0
1455 8 0
1455 9 0
1455 10 0
1455 11 0
1455 12 0
1455 13 0
1455 14 0
1455 15 0
1455 16 0
1455 17 0
1455 18 0
1455 19 0
1455 20 0
1455 21 0
1455 22 0
1455 23 0
1455 24 0
1455 25 0
1455 26 0
1455 27 0
1455 28 0
1455 29 0
1455 30 0
1455 31 0
1455 32 0
1455 33 0
1455 34 0
1455 35 0
1455 36 0
1455 37 0
1455 38 0
1455 39 0
1455 40 0
1455 41 0
1455 42 0
1455 43 0
1455 44 0
1455 45 0
1455 46 0
1455 47 0
1455 48 0
1455 49 0
1455 50 0
1460 0 0
1460 1 0
1460 2 0
1460 3 0
1460 4 0
1460 5 0
1460 6 0
1460 7 0
1460 8 0
1460 9 0
1460 10 0
1460 11 0
1460 12 0
1460 13 0
1460 14 0
1460 15 0
1460 16 0
1460 17 0
1460 18 0
1460 19 0
1460 20 0
1460 21 0
1460 22 0
1460 23 0
1460 24 0
1460 25 0
1460 26 0
1460 27 0
1460 28 0
1460 29 0
1460 30 0
1460 31 0
1460 32 0
1460 33 0
1460 34 0
1460 35 0
1460 36 0
1460 37 0
1460 38 0
1460 39 0
1460 40 0
1460 41 0
1460 42 0
1460 43 0
1460 44 0
1460 45 0
1460 46 0
1460 47 0
1460 48 0
1460 49 0
1460 50 0
1465 0 0
1465 1 0
1465 2 0
1465 3 0
1465 4 0
1465 5 0
1465 6 0
1465 7 0
1465 8 0
1465 9 0
1465 10 0
1465 11 0
1465 12 0
1465 13 0
1465 14 0
1465 15 0
1465 16 0
1465 17 0
1465 18 0
1465 19 0
1465 20 0
1465 21 0
1465 22 0
1465 23 0
1465 24 0
1465 25 0
1465 26 0
1465 27 0
1465 28 0
1465 29 0
1465 30 0
1465 31 0
1465 32 0
1465 33 0
1465 34 0
1465 35 0
1465 36 0
1465 37 0
1465 38 0
1465 39 0
1465 40 0
1465 41 0
1465 42 0
1465 43 0
1465 44 0
1465 45 0
1465 46 0
1465 47 0
1465 48 0
1465 49 0
1465 50 0
1470 0 0
1470 1 0
1470 2 0
1470 3 0
1470 4 0
1470 5 0
1470 6 0
1470 7 0
1470 8 0
1470 9 0
1470 10 0
1470 11 0
1470 12 0
1470 13 0
1470 14 0
1470 15 0
1470 16 0
1470 17 0
1470 18 0
1470 19 0
1470 20 0
1470 21 0
1470 22 0
1470 23 0
1470 24 0
1470 25 0
1470 26 0
1470 27 0
1470 28 0
1470 29 0
1470 30 0
1470 31 0
1470 32 0
1470 33 0
1470 34 0
1470 35 0
1470 36 0
1470 37 0
1470 38 0
1470 39 0
1470 40 0
1470 41 0
1470 42 0
1470 43 0
1470 44 0
1470 45 0
1470 46 0
1470 47 0
1470 48 0
1470 49 0
1470 50 0
1475 0 0
1475 1 0
1475 2 0
1475 3 0
1475 4 0
1475 5 0
1475 6 0
1475 7 0
1475 8 0
1475 9 0
1475 10 0
1475 11 0
1475 12 0
1475 13 0
1475 14 0
1475 15 0
1475 16 0
1475 17 0
1475 18 0
1475 19 0
1475 20 0
1475 21 0
1475 22 0
1475 23 0
1475 24 0
1475 25 0
1475 26 0
1475 27 0
1475 28 0
1475 29 0
1475 30 0
1475 31 0
1475 32 0
1475 33 0
1475 34 0
1475 35 0
1475 36 0
1475 37 0
1475 38 0
1475 39 0
1475 40 0
1475 41 0
1475 42 0
1475 43 0
1475 44 0
1475 45 0
1475 46 0
1475 47 0
1475 48 0
1475 49 0
1475 50 0
1480 0 0
1480 1 0
1480 2 0
1480 3 0
1480 4 0
1480 5 0
1480 6 0
1480 7 0
1480 8 0
1480 9 0
1480 10 0
1480 11 0
1480 12 0
1480 13 0
1480 14 0
1480 15 0
1480 16 0
1480 17 0
1480 18 0
1480 19 0
1480 20 0
1480 21 0
1480 22 0
1480 23 0
1480 24 0
1480 25 0
1480 26 0
1480 27 0
1480 28 0
1480 29 0
1480 30 0
1480 31 0
1480 32 0
1480 33 0
1480 34 0
1480 35 0
1480 36 0
1480 37 0
1480 38 0
1480 39 0
1480 40 0
1480 41 0
1480 42 0
1480 43 0
1480 44 0
1480 45 0
1480 46 0
1480 47 0
1480 48 0
1480 49 0
1480 50 0
1485 0 0
1485 1 0
1485 2 0
1485 3 0
1485 4 0
1485 5 0
1485 6 0
1485 7 0
1485 8 0
1485 9 0
1485 10 0
1485 11 0
1485 12 0
1485 13 0
1485 14 0
1485 15 0
1485 16 0
1485 17 0
1485 18 0
1485 19 0
1485 20 0
1485 21 0
1485 22 0
1485 23 0
1485 24 0
1485 25 0
1485 26 0
1485 27 0
1485 28 0
1485 29 0
1485 30 0
1485 31 0
1485 32 0
1485 33 0
1485 34 0
1485 35 0
1485 36 0
1485 37 0
1485 38 0
1485 39 0
1485 40 0
1485 41 0
1485 42 0
1485 43 0
1485 44 0
1485 45 0
1485 46 0
1485 47 0
1485 48 0
1485 49 0
1485 50 0
1490 0 0
1490 1 0
1490 2 0
1490 3 0
1490 4 0
1490 5 0
1490 6 0
1490 7 0
1490 8 0
1490 9 0
1490 10 0
1490 11 0
1490 12 0
1490 13 0
1490 14 0
1490 15 0
1490 16 0
1490 17 0
1490 18 0
1490 19 0
1490 20 0
1490 21 0
1490 22 0
1490 23 0
1490 24 0
1490 25 0
1490 26 0
1490 27 0
1490 28 0
1490 29 0
1490 30 0
1490 31 0
1490 32 0
1490 33 0
1490 34 0
1490 35 0
1490 36 0
1490 37 0
1490 38 0
1490 39 0
1490 40 0
1490 41 0
1490 42 0
1490 43 0
1490 44 0
1490 45 0
1490 46 0
1490 47 0
1490 48 0
1490 49 0
1490 50 0
1495 0 0
1495 1 0
1495 2 0
1495 3 0
1495 4 0
1495 5 0
1495 6 0
1495 7 0
1495 8 0
1495 9 0
1495 10 0
1495 11 0
1495 12 0
1495 13 0
1495 14 0
1495 15 0
1495 16 0
1495 17 0
1495 18 0
1495 19 0
1495 20 0
1495 21 0
1495 22 0
1495 23 0
1495 24 0
1495 25 0
1495 26 0
1495 27 0
1495 28 0
1495 29 0
1495 30 0
1495 31 0
1495 32 0
1495 33 0
1495 34 0
1495 35 0
1495 36 0
1495 37 0
1495 38 0
1495 39 0
1495 40 0
1495 41 0
1495 42 0
1495 43 0
1495 44 0
1495 45 0
1495 46 0
1495 47 0
1495 48 0
1495 49 0
1495 50 0
1500 0 0
1500 1 0
1500 2 0
1500 3 0
1500 4 0
1500 5 0
1500 6 0
1500 7 0
1500 8 0
1500 9 0
1500 10 0
1500 11 0
1500 12 0
1500 13 0
1500 14 0
1500 15 0
1500 16 0
1500 17 0
1500 18 0
1500 19 0
1500 20 0
1500 21 0
1500 22 0
1500 23 0
1500 24 0
1500 25 0
1500 26 0
1500 27 0
1500 28 0
1500 29 0
1500 30 0
1500 31 0
1500 32 0
1500 33 0
1500 34 0
1500 35 0
1500 36 0
1500 37 0
1500 38 0
1500 39 0
1500 40 0
1500 41 0
1500 42 0
1500 43 0
1500 44 0
1500 45 0
1500 46 0
1500 47 0
1500 48 0
1500 49 0
1500 50 0
