1 0 0
1 1 2
1 2 2
1 3 2
1 4 2
1 5 2
1 6 2
1 7 2
1 8 2
1 9 2
1 10 2
1 11 2
1 12 2
1 13 2
1 14 2
1 15 2
1 16 2
1 17 2
1 18 2
1 19 2
1 20 2
1 21 2
1 22 2
1 23 2
1 24 2
1 25 2
1 26 2
1 27 2
1 28 2
1 29 2
1 30 2
1 31 2
1 32 2
1 33 2
1 34 2
1 35 2
1 36 2
1 37 2
1 38 2
1 39 2
1 40 2
1 41 2
1 42 2
1 43 2
1 44 2
1 45 2
1 46 2
1 47 2
1 48 2
1 49 2
1 50 2
6 0 0
6 1 2
6 2 2
6 3 2
6 4 2
6 5 2
6 6 2
6 7 2
6 8 2
6 9 2
6 10 2
6 11 2
6 12 2
6 13 2
6 14 2
6 15 2
6 16 2
6 17 2
6 18 2
6 19 2
6 20 2
6 21 2
6 22 2
6 23 2
6 24 2
6 25 2
6 26 2
6 27 2
6 28 2
6 29 2
6 30 2
6 31 2
6 32 2
6 33 2
6 34 2
6 35 2
6 36 2
6 37 2
6 38 2
6 39 2
6 40 2
6 41 2
6 42 2
6 43 2
6 44 2
6 45 2
6 46 2
6 47 2
6 48 2
6 49 2
6 50 2
11 0 0
11 1 2
11 2 2
11 3 2
11 4 2
11 5 2
11 6 2
11 7 2
11 8 2
11 9 2
11 10 2
11 11 2
11 12 2
11 13 2
11 14 2
11 15 2
11 16 2
11 17 2
11 18 2
11 19 2
11 20 2
11 21 2
11 22 2
11 23 2
11 24 2
11 25 2
11 26 2
11 27 2
11 28 2
11 29 2
11 30 2
11 31 2
11 32 2
11 33 2
11 34 2
11 35 2
11 36 2
11 37 2
11 38 2
11 39 2
11 40 2
11 41 2
11 42 2
11 43 2
11 44 2
11 45 2
11 46 2
11 47 2
11 48 2
11 49 2
11 50 2
16 0 0
16 1 2
16 2 2
16 3 2
16 4 2
16 5 2
16 6 2
16 7 2
16 8 2
16 9 2
16 10 2
16 11 2
16 12 2
16 13 2
16 14 2
16 15 2
16 16 2
16 17 2
16 18 2
16 19 2
16 20 2
16 21 2
16 22 2
16 23 2
16 24 2
16 25 2
16 26 2
16 27 2
16 28 2
16 29 2
16 30 2
16 31 2
16 32 2
16 33 2
16 34 2
16 35 2
16 36 2
16 37 2
16 38 2
16 39 2
16 40 2
16 41 2
16 42 2
16 43 2
16 44 2
16 45 2
16 46 2
16 47 2
16 48 2
16 49 2
16 50 2
21 0 0
21 1 2
21 2 2
21 3 2
21 4 2
21 5 2
21 6 2
21 7 2
21 8 2
21 9 2
21 10 2
21 11 2
21 12 2
21 13 2
21 14 2
21 15 2
21 16 2
21 17 2
21 18 2
21 19 2
21 20 2
21 21 2
21 22 2
21 23 2
21 24 2
21 25 2
21 26 2
21 27 2
21 28 2
21 29 2
21 30 2
21 31 2
21 32 2
21 33 2
21 34 2
21 35 2
21 36 2
21 37 2
21 38 2
21 39 2
21 40 2
21 41 2
21 42 2
21 43 2
21 44 2
21 45 2
21 46 2
21 47 2
21 48 2
21 49 2
21 50 2
26 0 0
26 1 2
26 2 2
26 3 2
26 4 2
26 5 2
26 6 2
26 7 2
26 8 2
26 9 2
26 10 2
26 11 2
26 12 2
26 13 2
26 14 2
26 15 2
26 16 2
26 17 2
26 18 2
26 19 2
26 20 2
26 21 2
26 22 2
26 23 2
26 24 2
26 25 2
26 26 2
26 27 2
26 28 2
26 29 2
26 30 2
26 31 2
26 32 2
26 33 2
26 34 2
26 35 2
26 36 2
26 37 2
26 38 2
26 39 2
26 40 2
26 41 2
26 42 2
26 43 2
26 44 2
26 45 2
26 46 2
26 47 2
26 48 2
26 49 2
26 50 2
31 0 0
31 1 2
31 2 2
31 3 2
31 4 2
31 5 2
31 6 2
31 7 2
31 8 2
31 9 2
31 10 2
31 11 2
31 12 2
31 13 2
31 14 2
31 15 2
31 16 2
31 17 2
31 18 2
31 19 2
31 20 2
31 21 2
31 22 2
31 23 2
31 24 2
31 25 2
31 26 2
31 27 2
31 28 2
31 29 2
31 30 2
31 31 2
31 32 2
31 33 2
31 34 2
31 35 2
31 36 2
31 37 2
31 38 2
31 39 2
31 40 2
31 41 2
31 42 2
31 43 2
31 44 2
31 45 2
31 46 2
31 47 2
31 48 2
31 49 2
31 50 2
36 0 0
36 1 2
36 2 2
36 3 2
36 4 2
36 5 2
36 6 2
36 7 2
36 8 2
36 9 2
36 10 2
36 11 2
36 12 2
36 13 2
36 14 2
36 15 2
36 16 2
36 17 2
36 18 2
36 19 2
36 20 2
36 21 2
36 22 2
36 23 2
36 24 2
36 25 2
36 26 2
36 27 2
36 28 2
36 29 2
36 30 2
36 31 2
36 32 2
36 33 2
36 34 2
36 35 2
36 36 2
36 37 2
36 38 2
36 39 2
36 40 2
36 41 2
36 42 2
36 43 2
36 44 2
36 45 2
36 46 2
36 47 2
36 48 2
36 49 2
36 50 2
41 0 0
41 1 2
41 2 2
41 3 2
41 4 2
41 5 2
41 6 2
41 7 2
41 8 2
41 9 2
41 10 2
41 11 2
41 12 2
41 13 2
41 14 2
41 15 2
41 16 2
41 17 2
41 18 2
41 19 2
41 20 2
41 21 2
41 22 2
41 23 2
41 24 2
41 25 2
41 26 2
41 27 2
41 28 2
41 29 2
41 30 2
41 31 2
41 32 2
41 33 2
41 34 2
41 35 2
41 36 2
41 37 2
41 38 2
41 39 2
41 40 2
41 41 2
41 42 2
41 43 2
41 44 2
41 45 2
41 46 2
41 47 2
41 48 2
41 49 2
41 50 2
46 0 0
46 1 2
46 2 2
46 3 2
46 4 2
46 5 2
46 6 2
46 7 2
46 8 2
46 9 2
46 10 2
46 11 2
46 12 2
46 13 2
46 14 2
46 15 2
46 16 2
46 17 2
46 18 2
46 19 2
46 20 2
46 21 2
46 22 2
46 23 2
46 24 2
46 25 2
46 26 2
46 27 2
46 28 2
46 29 2
46 30 2
46 31 2
46 32 2
46 33 2
46 34 2
46 35 2
46 36 2
46 37 2
46 38 2
46 39 2
46 40 2
46 41 2
46 42 2
46 43 2
46 44 2
46 45 2
46 46 2
46 47 2
46 48 2
46 49 2
46 50 2
51 0 0
51 1 2
51 2 2
51 3 2
51 4 2
51 5 2
51 6 2
51 7 2
51 8 2
51 9 2
51 10 2
51 11 2
51 12 2
51 13 2
51 14 2
51 15 2
51 16 2
51 17 2
51 18 2
51 19 2
51 20 2
51 21 2
51 22 2
51 23 2
51 24 2
51 25 2
51 26 2
51 27 2
51 28 2
51 29 2
51 30 2
51 31 2
51 32 2
51 33 2
51 34 2
51 35 2
51 36 2
51 37 2
51 38 2
51 39 2
51 40 2
51 41 2
51 42 2
51 43 2
51 44 2
51 45 2
51 46 2
51 47 2
51 48 2
51 49 2
51 50 2
56 0 0
56 1 2
56 2 2
56 3 2
56 4 2
56 5 2
56 6 2
56 7 2
56 8 2
56 9 2
56 10 2
56 11 2
56 12 2
56 13 2
56 14 2
56 15 2
56 16 2
56 17 2
56 18 2
56 19 2
56 20 2
56 21 2
56 22 2
56 23 2
56 24 2
56 25 2
56 26 2
56 27 2
56 28 2
56 29 2
56 30 2
56 31 2
56 32 2
56 33 2
56 34 2
56 35 2
56 36 2
56 37 2
56 38 2
56 39 2
56 40 2
56 41 2
56 42 2
56 43 2
56 44 2
56 45 2
56 46 2
56 47 2
56 48 2
56 49 2
56 50 2
61 0 0
61 1 2
61 2 2
61 3 2
61 4 2
61 5 2
61 6 2
61 7 2
61 8 2
61 9 2
61 10 2
61 11 2
61 12 2
61 13 2
61 14 2
61 15 2
61 16 2
61 17 2
61 18 2
61 19 2
61 20 2
61 21 2
61 22 2
61 23 2
61 24 2
61 25 2
61 26 2
61 27 2
61 28 2
61 29 2
61 30 2
61 31 2
61 32 2
61 33 2
61 34 2
61 35 2
61 36 2
61 37 2
61 38 2
61 39 2
61 40 2
61 41 2
61 42 2
61 43 2
61 44 2
61 45 2
61 46 2
61 47 2
61 48 2
61 49 2
61 50 2
66 0 0
66 1 2
66 2 2
66 3 2
66 4 2
66 5 2
66 6 2
66 7 2
66 8 2
66 9 2
66 10 2
66 11 2
66 12 2
66 13 2
66 14 2
66 15 2
66 16 2
66 17 2
66 18 2
66 19 2
66 20 2
66 21 2
66 22 2
66 23 2
66 24 2
66 25 2
66 26 2
66 27 2
66 28 2
66 29 2
66 30 2
66 31 2
66 32 2
66 33 2
66 34 2
66 35 2
66 36 2
66 37 2
66 38 2
66 39 2
66 40 2
66 41 2
66 42 2
66 43 2
66 44 2
66 45 2
66 46 2
66 47 2
66 48 2
66 49 2
66 50 2
71 0 0
71 1 2
71 2 2
71 3 2
71 4 2
71 5 2
71 6 2
71 7 2
71 8 2
71 9 2
71 10 2
71 11 2
71 12 2
71 13 2
71 14 2
71 15 2
71 16 2
71 17 2
71 18 2
71 19 2
71 20 2
71 21 2
71 22 2
71 23 2
71 24 2
71 25 2
71 26 2
71 27 2
71 28 2
71 29 2
71 30 2
71 31 2
71 32 2
71 33 2
71 34 2
71 35 2
71 36 2
71 37 2
71 38 2
71 39 2
71 40 2
71 41 2
71 42 2
71 43 2
71 44 2
71 45 2
71 46 2
71 47 2
71 48 2
71 49 2
71 50 2
76 0 0
76 1 2
76 2 2
76 3 2
76 4 2
76 5 2
76 6 2
76 7 2
76 8 2
76 9 2
76 10 2
76 11 2
76 12 2
76 13 2
76 14 2
76 15 2
76 16 2
76 17 2
76 18 2
76 19 2
76 20 2
76 21 2
76 22 2
76 23 2
76 24 2
76 25 2
76 26 2
76 27 2
76 28 2
76 29 2
76 30 2
76 31 2
76 32 2
76 33 2
76 34 2
76 35 2
76 36 2
76 37 2
76 38 2
76 39 2
76 40 2
76 41 2
76 42 2
76 43 2
76 44 2
76 45 2
76 46 2
76 47 2
76 48 2
76 49 2
76 50 2
81 0 0
81 1 2
81 2 2
81 3 2
81 4 2
81 5 2
81 6 2
81 7 2
81 8 2
81 9 2
81 10 2
81 11 2
81 12 2
81 13 2
81 14 2
81 15 2
81 16 2
81 17 2
81 18 2
81 19 2
81 20 2
81 21 2
81 22 2
81 23 2
81 24 2
81 25 2
81 26 2
81 27 2
81 28 2
81 29 2
81 30 2
81 31 2
81 32 2
81 33 2
81 34 2
81 35 2
81 36 2
81 37 2
81 38 2
81 39 2
81 40 2
81 41 2
81 42 2
81 43 2
81 44 2
81 45 2
81 46 2
81 47 2
81 48 2
81 49 2
81 50 2
86 0 0
86 1 2
86 2 2
86 3 2
86 4 2
86 5 2
86 6 2
86 7 2
86 8 2
86 9 2
86 10 2
86 11 2
86 12 2
86 13 2
86 14 2
86 15 2
86 16 2
86 17 2
86 18 2
86 19 2
86 20 2
86 21 2
86 22 2
86 23 2
86 24 2
86 25 2
86 26 2
86 27 2
86 28 2
86 29 2
86 30 2
86 31 2
86 32 2
86 33 2
86 34 2
86 35 2
86 36 2
86 37 2
86 38 2
86 39 2
86 40 2
86 41 2
86 42 2
86 43 2
86 44 2
86 45 2
86 46 2
86 47 2
86 48 2
86 49 2
86 50 2
91 0 0
91 1 2
91 2 2
91 3 2
91 4 2
91 5 2
91 6 2
91 7 2
91 8 2
91 9 2
91 10 2
91 11 2
91 12 2
91 13 2
91 14 2
91 15 2
91 16 2
91 17 2
91 18 2
91 19 2
91 20 2
91 21 2
91 22 2
91 23 2
91 24 2
91 25 2
91 26 2
91 27 2
91 28 2
91 29 2
91 30 2
91 31 2
91 32 2
91 33 2
91 34 2
91 35 2
91 36 2
91 37 2
91 38 2
91 39 2
91 40 2
91 41 2
91 42 2
91 43 2
91 44 2
91 45 2
91 46 2
91 47 2
91 48 2
91 49 2
91 50 2
96 0 0
96 1 2
96 2 2
96 3 2
96 4 2
96 5 2
96 6 2
96 7 2
96 8 2
96 9 2
96 10 2
96 11 2
96 12 2
96 13 2
96 14 2
96 15 2
96 16 2
96 17 2
96 18 2
96 19 2
96 20 2
96 21 2
96 22 2
96 23 2
96 24 2
96 25 2
96 26 2
96 27 2
96 28 2
96 29 2
96 30 2
96 31 2
96 32 2
96 33 2
96 34 2
96 35 2
96 36 2
96 37 2
96 38 2
96 39 2
96 40 2
96 41 2
96 42 2
96 43 2
96 44 2
96 45 2
96 46 2
96 47 2
96 48 2
96 49 2
96 50 2
101 0 0
101 1 2
101 2 2
101 3 2
101 4 2
101 5 2
101 6 2
101 7 2
101 8 2
101 9 2
101 10 2
101 11 2
101 12 2
101 13 2
101 14 2
101 15 2
101 16 2
101 17 2
101 18 2
101 19 2
101 20 2
101 21 2
101 22 2
101 23 2
101 24 2
101 25 2
101 26 2
101 27 2
101 28 2
101 29 2
101 30 2
101 31 2
101 32 2
101 33 2
101 34 2
101 35 2
101 36 2
101 37 2
101 38 2
101 39 2
101 40 2
101 41 2
101 42 2
101 43 2
101 44 2
101 45 2
101 46 2
101 47 2
101 48 2
101 49 2
101 50 2
106 0 0
106 1 2
106 2 2
106 3 2
106 4 2
106 5 2
106 6 2
106 7 2
106 8 2
106 9 2
106 10 2
106 11 2
106 12 2
106 13 2
106 14 2
106 15 2
106 16 2
106 17 2
106 18 2
106 19 2
106 20 2
106 21 2
106 22 2
106 23 2
106 24 2
106 25 2
106 26 2
106 27 2
106 28 2
106 29 2
106 30 2
106 31 2
106 32 2
106 33 2
106 34 2
106 35 2
106 36 2
106 37 2
106 38 2
106 39 2
106 40 2
106 41 2
106 42 2
106 43 2
106 44 2
106 45 2
106 46 2
106 47 2
106 48 2
106 49 2
106 50 2
111 0 0
111 1 2
111 2 2
111 3 2
111 4 2
111 5 2
111 6 2
111 7 2
111 8 2
111 9 2
111 10 2
111 11 2
111 12 2
111 13 2
111 14 2
111 15 2
111 16 2
111 17 2
111 18 2
111 19 2
111 20 2
111 21 2
111 22 2
111 23 2
111 24 2
111 25 2
111 26 2
111 27 2
111 28 2
111 29 2
111 30 2
111 31 2
111 32 2
111 33 2
111 34 2
111 35 2
111 36 2
111 37 2
111 38 2
111 39 2
111 40 2
111 41 2
111 42 2
111 43 2
111 44 2
111 45 2
111 46 2
111 47 2
111 48 2
111 49 2
111 50 2
116 0 0
116 1 2
116 2 2
116 3 2
116 4 2
116 5 2
116 6 2
116 7 2
116 8 2
116 9 2
116 10 2
116 11 2
116 12 2
116 13 2
116 14 2
116 15 2
116 16 2
116 17 2
116 18 2
116 19 2
116 20 2
116 21 2
116 22 2
116 23 2
116 24 2
116 25 2
116 26 2
116 27 2
116 28 2
116 29 2
116 30 2
116 31 2
116 32 2
116 33 2
116 34 2
116 35 2
116 36 2
116 37 2
116 38 2
116 39 2
116 40 2
116 41 2
116 42 2
116 43 2
116 44 2
116 45 2
116 46 2
116 47 2
116 48 2
116 49 2
116 50 2
121 0 0
121 1 2
121 2 2
121 3 2
121 4 2
121 5 2
121 6 2
121 7 2
121 8 2
121 9 2
121 10 2
121 11 2
121 12 2
121 13 2
121 14 2
121 15 2
121 16 2
121 17 2
121 18 2
121 19 2
121 20 2
121 21 2
121 22 2
121 23 2
121 24 2
121 25 2
121 26 2
121 27 2
121 28 2
121 29 2
121 30 2
121 31 2
121 32 2
121 33 2
121 34 2
121 35 2
121 36 2
121 37 2
121 38 2
121 39 2
121 40 2
121 41 2
121 42 2
121 43 2
121 44 2
121 45 2
121 46 2
121 47 2
121 48 2
121 49 2
121 50 2
126 0 0
126 1 2
126 2 2
126 3 2
126 4 2
126 5 2
126 6 2
126 7 2
126 8 2
126 9 2
126 10 2
126 11 2
126 12 2
126 13 2
126 14 2
126 15 2
126 16 2
126 17 2
126 18 2
126 19 2
126 20 2
126 21 2
126 22 2
126 23 2
126 24 2
126 25 2
126 26 2
126 27 2
126 28 2
126 29 2
126 30 2
126 31 2
126 32 2
126 33 2
126 34 2
126 35 2
126 36 2
126 37 2
126 38 2
126 39 2
126 40 2
126 41 2
126 42 2
126 43 2
126 44 2
126 45 2
126 46 2
126 47 2
126 48 2
126 49 2
126 50 2
131 0 0
131 1 2
131 2 2
131 3 2
131 4 2
131 5 2
131 6 2
131 7 2
131 8 2
131 9 2
131 10 2
131 11 2
131 12 2
131 13 2
131 14 2
131 15 2
131 16 2
131 17 2
131 18 2
131 19 2
131 20 2
131 21 2
131 22 2
131 23 2
131 24 2
131 25 2
131 26 2
131 27 2
131 28 2
131 29 2
131 30 2
131 31 2
131 32 2
131 33 2
131 34 2
131 35 2
131 36 2
131 37 2
131 38 2
131 39 2
131 40 2
131 41 2
131 42 2
131 43 2
131 44 2
131 45 2
131 46 2
131 47 2
131 48 2
131 49 2
131 50 2
136 0 0
136 1 2
136 2 2
136 3 2
136 4 2
136 5 2
136 6 2
136 7 2
136 8 2
136 9 2
136 10 2
136 11 2
136 12 2
136 13 2
136 14 2
136 15 2
136 16 2
136 17 2
136 18 2
136 19 2
136 20 2
136 21 2
136 22 2
136 23 2
136 24 2
136 25 2
136 26 2
136 27 2
136 28 2
136 29 2
136 30 2
136 31 2
136 32 2
136 33 2
136 34 2
136 35 2
136 36 2
136 37 2
136 38 2
136 39 2
136 40 2
136 41 2
136 42 2
136 43 2
136 44 2
136 45 2
136 46 2
136 47 2
136 48 2
136 49 2
136 50 2
141 0 0
141 1 2
141 2 2
141 3 2
141 4 2
141 5 2
141 6 2
141 7 2
141 8 2
141 9 2
141 10 2
141 11 2
141 12 2
141 13 2
141 14 2
141 15 2
141 16 2
141 17 2
141 18 2
141 19 2
141 20 2
141 21 2
141 22 2
141 23 2
141 24 2
141 25 2
141 26 2
141 27 2
141 28 2
141 29 2
141 30 2
141 31 2
141 32 2
141 33 2
141 34 2
141 35 2
141 36 2
141 37 2
141 38 2
141 39 2
141 40 2
141 41 2
141 42 2
141 43 2
141 44 2
141 45 2
141 46 2
141 47 2
141 48 2
141 49 2
141 50 2
146 0 0
146 1 2
146 2 2
146 3 2
146 4 2
146 5 2
146 6 2
146 7 2
146 8 2
146 9 2
146 10 2
146 11 2
146 12 2
146 13 2
146 14 2
146 15 2
146 16 2
146 17 2
146 18 2
146 19 2
146 20 2
146 21 2
146 22 2
146 23 2
146 24 2
146 25 2
146 26 2
146 27 2
146 28 2
146 29 2
146 30 2
146 31 2
146 32 2
146 33 2
146 34 2
146 35 2
146 36 2
146 37 2
146 38 2
146 39 2
146 40 2
146 41 2
146 42 2
146 43 2
146 44 2
146 45 2
146 46 2
146 47 2
146 48 2
146 49 2
146 50 2
151 0 0
151 1 2
151 2 2
151 3 2
151 4 2
151 5 2
151 6 2
151 7 2
151 8 2
151 9 2
151 10 2
151 11 2
151 12 2
151 13 2
151 14 2
151 15 2
151 16 2
151 17 2
151 18 2
151 19 2
151 20 2
151 21 2
151 22 2
151 23 2
151 24 2
151 25 2
151 26 2
151 27 2
151 28 2
151 29 2
151 30 2
151 31 2
151 32 2
151 33 2
151 34 2
151 35 2
151 36 2
151 37 2
151 38 2
151 39 2
151 40 2
151 41 2
151 42 2
151 43 2
151 44 2
151 45 2
151 46 2
151 47 2
151 48 2
151 49 2
151 50 2
156 0 0
156 1 2
156 2 2
156 3 2
156 4 2
156 5 2
156 6 2
156 7 2
156 8 2
156 9 2
156 10 2
156 11 2
156 12 2
156 13 2
156 14 2
156 15 2
156 16 2
156 17 2
156 18 2
156 19 2
156 20 2
156 21 2
156 22 2
156 23 2
156 24 2
156 25 2
156 26 2
156 27 2
156 28 2
156 29 2
156 30 2
156 31 2
156 32 2
156 33 2
156 34 2
156 35 2
156 36 2
156 37 2
156 38 2
156 39 2
156 40 2
156 41 2
156 42 2
156 43 2
156 44 2
156 45 2
156 46 2
156 47 2
156 48 2
156 49 2
156 50 2
161 0 0
161 1 2
161 2 2
161 3 2
161 4 2
161 5 2
161 6 2
161 7 2
161 8 2
161 9 2
161 10 2
161 11 2
161 12 2
161 13 2
161 14 2
161 15 2
161 16 2
161 17 2
161 18 2
161 19 2
161 20 2
161 21 2
161 22 2
161 23 2
161 24 2
161 25 2
161 26 2
161 27 2
161 28 2
161 29 2
161 30 2
161 31 2
161 32 2
161 33 2
161 34 2
161 35 2
161 36 2
161 37 2
161 38 2
161 39 2
161 40 2
161 41 2
161 42 2
161 43 2
161 44 2
161 45 2
161 46 2
161 47 2
161 48 2
161 49 2
161 50 2
166 0 0
166 1 2
166 2 2
166 3 2
166 4 2
166 5 2
166 6 2
166 7 2
166 8 2
166 9 2
166 10 2
166 11 2
166 12 2
166 13 2
166 14 2
166 15 2
166 16 2
166 17 2
166 18 2
166 19 2
166 20 2
166 21 2
166 22 2
166 23 2
166 24 2
166 25 2
166 26 2
166 27 2
166 28 2
166 29 2
166 30 2
166 31 2
166 32 2
166 33 2
166 34 2
166 35 2
166 36 2
166 37 2
166 38 2
166 39 2
166 40 2
166 41 2
166 42 2
166 43 2
166 44 2
166 45 2
166 46 2
166 47 2
166 48 2
166 49 2
166 50 2
171 0 0
171 1 2
171 2 2
171 3 2
171 4 2
171 5 2
171 6 2
171 7 2
171 8 2
171 9 2
171 10 2
171 11 2
171 12 2
171 13 2
171 14 2
171 15 2
171 16 2
171 17 2
171 18 2
171 19 2
171 20 2
171 21 2
171 22 2
171 23 2
171 24 2
171 25 2
171 26 2
171 27 2
171 28 2
171 29 2
171 30 2
171 31 2
171 32 2
171 33 2
171 34 2
171 35 2
171 36 2
171 37 2
171 38 2
171 39 2
171 40 2
171 41 2
171 42 2
171 43 2
171 44 2
171 45 2
171 46 2
171 47 2
171 48 2
171 49 2
171 50 2
176 0 0
176 1 2
176 2 2
176 3 2
176 4 2
176 5 2
176 6 2
176 7 2
176 8 2
176 9 2
176 10 2
176 11 2
176 12 2
176 13 2
176 14 2
176 15 2
176 16 2
176 17 2
176 18 2
176 19 2
176 20 2
176 21 2
176 22 2
176 23 2
176 24 2
176 25 2
176 26 2
176 27 2
176 28 2
176 29 2
176 30 2
176 31 2
176 32 2
176 33 2
176 34 2
176 35 2
176 36 2
176 37 2
176 38 2
176 39 2
176 40 2
176 41 2
176 42 2
176 43 2
176 44 2
176 45 2
176 46 2
176 47 2
176 48 2
176 49 2
176 50 2
181 0 0
181 1 2
181 2 2
181 3 2
181 4 2
181 5 2
181 6 2
181 7 2
181 8 2
181 9 2
181 10 2
181 11 2
181 12 2
181 13 2
181 14 2
181 15 2
181 16 2
181 17 2
181 18 2
181 19 2
181 20 2
181 21 2
181 22 2
181 23 2
181 24 2
181 25 2
181 26 2
181 27 2
181 28 2
181 29 2
181 30 2
181 31 2
181 32 2
181 33 2
181 34 2
181 35 2
181 36 2
181 37 2
181 38 2
181 39 2
181 40 2
181 41 2
181 42 2
181 43 2
181 44 2
181 45 2
181 46 2
181 47 2
181 48 2
181 49 2
181 50 2
186 0 0
186 1 2
186 2 2
186 3 2
186 4 2
186 5 2
186 6 2
186 7 2
186 8 2
186 9 2
186 10 2
186 11 2
186 12 2
186 13 2
186 14 2
186 15 2
186 16 2
186 17 2
186 18 2
186 19 2
186 20 2
186 21 2
186 22 2
186 23 2
186 24 2
186 25 2
186 26 2
186 27 2
186 28 2
186 29 2
186 30 2
186 31 2
186 32 2
186 33 2
186 34 2
186 35 2
186 36 2
186 37 2
186 38 2
186 39 2
186 40 2
186 41 2
186 42 2
186 43 2
186 44 2
186 45 2
186 46 2
186 47 2
186 48 2
186 49 2
186 50 2
191 0 0
191 1 2
191 2 2
191 3 2
191 4 2
191 5 2
191 6 2
191 7 2
191 8 2
191 9 2
191 10 2
191 11 2
191 12 2
191 13 2
191 14 2
191 15 2
191 16 2
191 17 2
191 18 2
191 19 2
191 20 2
191 21 2
191 22 2
191 23 2
191 24 2
191 25 2
191 26 2
191 27 2
191 28 2
191 29 2
191 30 2
191 31 2
191 32 2
191 33 2
191 34 2
191 35 2
191 36 2
191 37 2
191 38 2
191 39 2
191 40 2
191 41 2
191 42 2
191 43 2
191 44 2
191 45 2
191 46 2
191 47 2
191 48 2
191 49 2
191 50 2
196 0 0
196 1 2
196 2 2
196 3 2
196 4 2
196 5 2
196 6 2
196 7 2
196 8 2
196 9 2
196 10 2
196 11 2
196 12 2
196 13 2
196 14 2
196 15 2
196 16 2
196 17 2
196 18 2
196 19 2
196 20 2
196 21 2
196 22 2
196 23 2
196 24 2
196 25 2
196 26 2
196 27 2
196 28 2
196 29 2
196 30 2
196 31 2
196 32 2
196 33 2
196 34 2
196 35 2
196 36 2
196 37 2
196 38 2
196 39 2
196 40 2
196 41 2
196 42 2
196 43 2
196 44 2
196 45 2
196 46 2
196 47 2
196 48 2
196 49 2
196 50 2
201 0 0
201 1 2
201 2 2
201 3 2
201 4 2
201 5 2
201 6 2
201 7 2
201 8 2
201 9 2
201 10 2
201 11 2
201 12 2
201 13 2
201 14 2
201 15 2
201 16 2
201 17 2
201 18 2
201 19 2
201 20 2
201 21 2
201 22 2
201 23 2
201 24 2
201 25 2
201 26 2
201 27 2
201 28 2
201 29 2
201 30 2
201 31 2
201 32 2
201 33 2
201 34 2
201 35 2
201 36 2
201 37 2
201 38 2
201 39 2
201 40 2
201 41 2
201 42 2
201 43 2
201 44 2
201 45 2
201 46 2
201 47 2
201 48 2
201 49 2
201 50 2
206 0 0
206 1 2
206 2 2
206 3 2
206 4 2
206 5 2
206 6 2
206 7 2
206 8 2
206 9 2
206 10 2
206 11 2
206 12 2
206 13 2
206 14 2
206 15 2
206 16 2
206 17 2
206 18 2
206 19 2
206 20 2
206 21 2
206 22 2
206 23 2
206 24 2
206 25 2
206 26 2
206 27 2
206 28 2
206 29 2
206 30 2
206 31 2
206 32 2
206 33 2
206 34 2
206 35 2
206 36 2
206 37 2
206 38 2
206 39 2
206 40 2
206 41 2
206 42 2
206 43 2
206 44 2
206 45 2
206 46 2
206 47 2
206 48 2
206 49 2
206 50 2
211 0 0
211 1 2
211 2 2
211 3 2
211 4 2
211 5 2
211 6 2
211 7 2
211 8 2
211 9 2
211 10 2
211 11 2
211 12 2
211 13 2
211 14 2
211 15 2
211 16 2
211 17 2
211 18 2
211 19 2
211 20 2
211 21 2
211 22 2
211 23 2
211 24 2
211 25 2
211 26 2
211 27 2
211 28 2
211 29 2
211 30 2
211 31 2
211 32 2
211 33 2
211 34 2
211 35 2
211 36 2
211 37 2
211 38 2
211 39 2
211 40 2
211 41 2
211 42 2
211 43 2
211 44 2
211 45 2
211 46 2
211 47 2
211 48 2
211 49 2
211 50 2
216 0 0
216 1 2
216 2 2
216 3 2
216 4 2
216 5 2
216 6 2
216 7 2
216 8 2
216 9 2
216 10 2
216 11 2
216 12 2
216 13 2
216 14 2
216 15 2
216 16 2
216 17 2
216 18 2
216 19 2
216 20 2
216 21 2
216 22 2
216 23 2
216 24 2
216 25 2
216 26 2
216 27 2
216 28 2
216 29 2
216 30 2
216 31 2
216 32 2
216 33 2
216 34 2
216 35 2
216 36 2
216 37 2
216 38 2
216 39 2
216 40 2
216 41 2
216 42 2
216 43 2
216 44 2
216 45 2
216 46 2
216 47 2
216 48 2
216 49 2
216 50 2
221 0 0
221 1 2
221 2 2
221 3 2
221 4 2
221 5 2
221 6 2
221 7 2
221 8 2
221 9 2
221 10 2
221 11 2
221 12 2
221 13 2
221 14 2
221 15 2
221 16 2
221 17 2
221 18 2
221 19 2
221 20 2
221 21 2
221 22 2
221 23 2
221 24 2
221 25 2
221 26 2
221 27 2
221 28 2
221 29 2
221 30 2
221 31 2
221 32 2
221 33 2
221 34 2
221 35 2
221 36 2
221 37 2
221 38 2
221 39 2
221 40 2
221 41 2
221 42 2
221 43 2
221 44 2
221 45 2
221 46 2
221 47 2
221 48 2
221 49 2
221 50 2
226 0 0
226 1 2
226 2 2
226 3 2
226 4 2
226 5 2
226 6 2
226 7 2
226 8 2
226 9 2
226 10 2
226 11 2
226 12 2
226 13 2
226 14 2
226 15 2
226 16 2
226 17 2
226 18 2
226 19 2
226 20 2
226 21 2
226 22 2
226 23 2
226 24 2
226 25 2
226 26 2
226 27 2
226 28 2
226 29 2
226 30 2
226 31 2
226 32 2
226 33 2
226 34 2
226 35 2
226 36 2
226 37 2
226 38 2
226 39 2
226 40 2
226 41 2
226 42 2
226 43 2
226 44 2
226 45 2
226 46 2
226 47 2
226 48 2
226 49 2
226 50 2
231 0 0
231 1 2
231 2 2
231 3 2
231 4 2
231 5 2
231 6 2
231 7 2
231 8 2
231 9 2
231 10 2
231 11 2
231 12 2
231 13 2
231 14 2
231 15 2
231 16 2
231 17 2
231 18 2
231 19 2
231 20 2
231 21 2
231 22 2
231 23 2
231 24 2
231 25 2
231 26 2
231 27 2
231 28 2
231 29 2
231 30 2
231 31 2
231 32 2
231 33 2
231 34 2
231 35 2
231 36 2
231 37 2
231 38 2
231 39 2
231 40 2
231 41 2
231 42 2
231 43 2
231 44 2
231 45 2
231 46 2
231 47 2
231 48 2
231 49 2
231 50 2
236 0 0
236 1 2
236 2 2
236 3 2
236 4 2
236 5 2
236 6 2
236 7 2
236 8 2
236 9 2
236 10 2
236 11 2
236 12 2
236 13 2
236 14 2
236 15 2
236 16 2
236 17 2
236 18 2
236 19 2
236 20 2
236 21 2
236 22 2
236 23 2
236 24 2
236 25 2
236 26 2
236 27 2
236 28 2
236 29 2
236 30 2
236 31 2
236 32 2
236 33 2
236 34 2
236 35 2
236 36 2
236 37 2
236 38 2
236 39 2
236 40 2
236 41 2
236 42 2
236 43 2
236 44 2
236 45 2
236 46 2
236 47 2
236 48 2
236 49 2
236 50 2
241 0 0
241 1 2
241 2 2
241 3 2
241 4 2
241 5 2
241 6 2
241 7 2
241 8 2
241 9 2
241 10 2
241 11 2
241 12 2
241 13 2
241 14 2
241 15 2
241 16 2
241 17 2
241 18 2
241 19 2
241 20 2
241 21 2
241 22 2
241 23 2
241 24 2
241 25 2
241 26 2
241 27 2
241 28 2
241 29 2
241 30 2
241 31 2
241 32 2
241 33 2
241 34 2
241 35 2
241 36 2
241 37 2
241 38 2
241 39 2
241 40 2
241 41 2
241 42 2
241 43 2
241 44 2
241 45 2
241 46 2
241 47 2
241 48 2
241 49 2
241 50 2
246 0 0
246 1 2
246 2 2
246 3 2
246 4 2
246 5 2
246 6 2
246 7 2
246 8 2
246 9 2
246 10 2
246 11 2
246 12 2
246 13 2
246 14 2
246 15 2
246 16 2
246 17 2
246 18 2
246 19 2
246 20 2
246 21 2
246 22 2
246 23 2
246 24 2
246 25 2
246 26 2
246 27 2
246 28 2
246 29 2
246 30 2
246 31 2
246 32 2
246 33 2
246 34 2
246 35 2
246 36 2
246 37 2
246 38 2
246 39 2
246 40 2
246 41 2
246 42 2
246 43 2
246 44 2
246 45 2
246 46 2
246 47 2
246 48 2
246 49 2
246 50 2
251 0 0
251 1 2
251 2 2
251 3 2
251 4 2
251 5 2
251 6 2
251 7 2
251 8 2
251 9 2
251 10 2
251 11 2
251 12 2
251 13 2
251 14 2
251 15 2
251 16 2
251 17 2
251 18 2
251 19 2
251 20 2
251 21 2
251 22 2
251 23 2
251 24 2
251 25 2
251 26 2
251 27 2
251 28 2
251 29 2
251 30 2
251 31 2
251 32 2
251 33 2
251 34 2
251 35 2
251 36 2
251 37 2
251 38 2
251 39 2
251 40 2
251 41 2
251 42 2
251 43 2
251 44 2
251 45 2
251 46 2
251 47 2
251 48 2
251 49 2
251 50 2
256 0 0
256 1 2
256 2 2
256 3 2
256 4 2
256 5 2
256 6 2
256 7 2
256 8 2
256 9 2
256 10 2
256 11 2
256 12 2
256 13 2
256 14 2
256 15 2
256 16 2
256 17 2
256 18 2
256 19 2
256 20 2
256 21 2
256 22 2
256 23 2
256 24 2
256 25 2
256 26 2
256 27 2
256 28 2
256 29 2
256 30 2
256 31 2
256 32 2
256 33 2
256 34 2
256 35 2
256 36 2
256 37 2
256 38 2
256 39 2
256 40 2
256 41 2
256 42 2
256 43 2
256 44 2
256 45 2
256 46 2
256 47 2
256 48 2
256 49 2
256 50 2
261 0 0
261 1 2
261 2 2
261 3 2
261 4 2
261 5 2
261 6 2
261 7 2
261 8 2
261 9 2
261 10 2
261 11 2
261 12 2
261 13 2
261 14 2
261 15 2
261 16 2
261 17 2
261 18 2
261 19 2
261 20 2
261 21 2
261 22 2
261 23 2
261 24 2
261 25 2
261 26 2
261 27 2
261 28 2
261 29 2
261 30 2
261 31 2
261 32 2
261 33 2
261 34 2
261 35 2
261 36 2
261 37 2
261 38 2
261 39 2
261 40 2
261 41 2
261 42 2
261 43 2
261 44 2
261 45 2
261 46 2
261 47 2
261 48 2
261 49 2
261 50 2
266 0 0
266 1 2
266 2 2
266 3 2
266 4 2
266 5 2
266 6 2
266 7 2
266 8 2
266 9 2
266 10 2
266 11 2
266 12 2
266 13 2
266 14 2
266 15 2
266 16 2
266 17 2
266 18 2
266 19 2
266 20 2
266 21 2
266 22 2
266 23 2
266 24 2
266 25 2
266 26 2
266 27 2
266 28 2
266 29 2
266 30 2
266 31 2
266 32 2
266 33 2
266 34 2
266 35 2
266 36 2
266 37 2
266 38 2
266 39 2
266 40 2
266 41 2
266 42 2
266 43 2
266 44 2
266 45 2
266 46 2
266 47 2
266 48 2
266 49 2
266 50 2
271 0 0
271 1 2
271 2 2
271 3 2
271 4 2
271 5 2
271 6 2
271 7 2
271 8 2
271 9 2
271 10 2
271 11 2
271 12 2
271 13 2
271 14 2
271 15 2
271 16 2
271 17 2
271 18 2
271 19 2
271 20 2
271 21 2
271 22 2
271 23 2
271 24 2
271 25 2
271 26 2
271 27 2
271 28 2
271 29 2
271 30 2
271 31 2
271 32 2
271 33 2
271 34 2
271 35 2
271 36 2
271 37 2
271 38 2
271 39 2
271 40 2
271 41 2
271 42 2
271 43 2
271 44 2
271 45 2
271 46 2
271 47 2
271 48 2
271 49 2
271 50 2
276 0 0
276 1 2
276 2 2
276 3 2
276 4 2
276 5 2
276 6 2
276 7 2
276 8 2
276 9 2
276 10 2
276 11 2
276 12 2
276 13 2
276 14 2
276 15 2
276 16 2
276 17 2
276 18 2
276 19 2
276 20 2
276 21 2
276 22 2
276 23 2
276 24 2
276 25 2
276 26 2
276 27 2
276 28 2
276 29 2
276 30 2
276 31 2
276 32 2
276 33 2
276 34 2
276 35 2
276 36 2
276 37 2
276 38 2
276 39 2
276 40 2
276 41 2
276 42 2
276 43 2
276 44 2
276 45 2
276 46 2
276 47 2
276 48 2
276 49 2
276 50 2
281 0 0
281 1 2
281 2 2
281 3 2
281 4 2
281 5 2
281 6 2
281 7 2
281 8 2
281 9 2
281 10 2
281 11 2
281 12 2
281 13 2
281 14 2
281 15 2
281 16 2
281 17 2
281 18 2
281 19 2
281 20 2
281 21 2
281 22 2
281 23 2
281 24 2
281 25 2
281 26 2
281 27 2
281 28 2
281 29 2
281 30 2
281 31 2
281 32 2
281 33 2
281 34 2
281 35 2
281 36 2
281 37 2
281 38 2
281 39 2
281 40 2
281 41 2
281 42 2
281 43 2
281 44 2
281 45 2
281 46 2
281 47 2
281 48 2
281 49 2
281 50 2
286 0 0
286 1 2
286 2 2
286 3 2
286 4 2
286 5 2
286 6 2
286 7 2
286 8 2
286 9 2
286 10 2
286 11 2
286 12 2
286 13 2
286 14 2
286 15 2
286 16 2
286 17 2
286 18 2
286 19 2
286 20 2
286 21 2
286 22 2
286 23 2
286 24 2
286 25 2
286 26 2
286 27 2
286 28 2
286 29 2
286 30 2
286 31 2
286 32 2
286 33 2
286 34 2
286 35 2
286 36 2
286 37 2
286 38 2
286 39 2
286 40 2
286 41 2
286 42 2
286 43 2
286 44 2
286 45 2
286 46 2
286 47 2
286 48 2
286 49 2
286 50 2
291 0 0
291 1 2
291 2 2
291 3 2
291 4 2
291 5 2
291 6 2
291 7 2
291 8 2
291 9 2
291 10 2
291 11 2
291 12 2
291 13 2
291 14 2
291 15 2
291 16 2
291 17 2
291 18 2
291 19 2
291 20 2
291 21 2
291 22 2
291 23 2
291 24 2
291 25 2
291 26 2
291 27 2
291 28 2
291 29 2
291 30 2
291 31 2
291 32 2
291 33 2
291 34 2
291 35 2
291 36 2
291 37 2
291 38 2
291 39 2
291 40 2
291 41 2
291 42 2
291 43 2
291 44 2
291 45 2
291 46 2
291 47 2
291 48 2
291 49 2
291 50 2
296 0 0
296 1 2
296 2 2
296 3 2
296 4 2
296 5 2
296 6 2
296 7 2
296 8 2
296 9 2
296 10 2
296 11 2
296 12 2
296 13 2
296 14 2
296 15 2
296 16 2
296 17 2
296 18 2
296 19 2
296 20 2
296 21 2
296 22 2
296 23 2
296 24 2
296 25 2
296 26 2
296 27 2
296 28 2
296 29 2
296 30 2
296 31 2
296 32 2
296 33 2
296 34 2
296 35 2
296 36 2
296 37 2
296 38 2
296 39 2
296 40 2
296 41 2
296 42 2
296 43 2
296 44 2
296 45 2
296 46 2
296 47 2
296 48 2
296 49 2
296 50 2
301 0 0
301 1 2
301 2 2
301 3 2
301 4 2
301 5 2
301 6 2
301 7 2
301 8 2
301 9 2
301 10 2
301 11 2
301 12 2
301 13 2
301 14 2
301 15 2
301 16 2
301 17 2
301 18 2
301 19 2
301 20 2
301 21 2
301 22 2
301 23 2
301 24 2
301 25 2
301 26 2
301 27 2
301 28 2
301 29 2
301 30 2
301 31 2
301 32 2
301 33 2
301 34 2
301 35 2
301 36 2
301 37 2
301 38 2
301 39 2
301 40 2
301 41 2
301 42 2
301 43 2
301 44 2
301 45 2
301 46 2
301 47 2
301 48 2
301 49 2
301 50 2
306 0 0
306 1 2
306 2 2
306 3 2
306 4 2
306 5 2
306 6 2
306 7 2
306 8 2
306 9 2
306 10 2
306 11 2
306 12 2
306 13 2
306 14 2
306 15 2
306 16 2
306 17 2
306 18 2
306 19 2
306 20 2
306 21 2
306 22 2
306 23 2
306 24 2
306 25 2
306 26 2
306 27 2
306 28 2
306 29 2
306 30 2
306 31 2
306 32 2
306 33 2
306 34 2
306 35 2
306 36 2
306 37 2
306 38 2
306 39 2
306 40 2
306 41 2
306 42 2
306 43 2
306 44 2
306 45 2
306 46 2
306 47 2
306 48 2
306 49 2
306 50 2
311 0 0
311 1 2
311 2 2
311 3 2
311 4 2
311 5 2
311 6 2
311 7 2
311 8 2
311 9 2
311 10 2
311 11 2
311 12 2
311 13 2
311 14 2
311 15 2
311 16 2
311 17 2
311 18 2
311 19 2
311 20 2
311 21 2
311 22 2
311 23 2
311 24 2
311 25 2
311 26 2
311 27 2
311 28 2
311 29 2
311 30 2
311 31 2
311 32 2
311 33 2
311 34 2
311 35 2
311 36 2
311 37 2
311 38 2
311 39 2
311 40 2
311 41 2
311 42 2
311 43 2
311 44 2
311 45 2
311 46 2
311 47 2
311 48 2
311 49 2
311 50 2
316 0 0
316 1 2
316 2 2
316 3 2
316 4 2
316 5 2
316 6 2
316 7 2
316 8 2
316 9 2
316 10 2
316 11 2
316 12 2
316 13 2
316 14 2
316 15 2
316 16 2
316 17 2
316 18 2
316 19 2
316 20 2
316 21 2
316 22 2
316 23 2
316 24 2
316 25 2
316 26 2
316 27 2
316 28 2
316 29 2
316 30 2
316 31 2
316 32 2
316 33 2
316 34 2
316 35 2
316 36 2
316 37 2
316 38 2
316 39 2
316 40 2
316 41 2
316 42 2
316 43 2
316 44 2
316 45 2
316 46 2
316 47 2
316 48 2
316 49 2
316 50 2
321 0 0
321 1 2
321 2 2
321 3 2
321 4 2
321 5 2
321 6 2
321 7 2
321 8 2
321 9 2
321 10 2
321 11 2
321 12 2
321 13 2
321 14 2
321 15 2
321 16 2
321 17 2
321 18 2
321 19 2
321 20 2
321 21 2
321 22 2
321 23 2
321 24 2
321 25 2
321 26 2
321 27 2
321 28 2
321 29 2
321 30 2
321 31 2
321 32 2
321 33 2
321 34 2
321 35 2
321 36 2
321 37 2
321 38 2
321 39 2
321 40 2
321 41 2
321 42 2
321 43 2
321 44 2
321 45 2
321 46 2
321 47 2
321 48 2
321 49 2
321 50 2
326 0 0
326 1 2
326 2 2
326 3 2
326 4 2
326 5 2
326 6 2
326 7 2
326 8 2
326 9 2
326 10 2
326 11 2
326 12 2
326 13 2
326 14 2
326 15 2
326 16 2
326 17 2
326 18 2
326 19 2
326 20 2
326 21 2
326 22 2
326 23 2
326 24 2
326 25 2
326 26 2
326 27 2
326 28 2
326 29 2
326 30 2
326 31 2
326 32 2
326 33 2
326 34 2
326 35 2
326 36 2
326 37 2
326 38 2
326 39 2
326 40 2
326 41 2
326 42 2
326 43 2
326 44 2
326 45 2
326 46 2
326 47 2
326 48 2
326 49 2
326 50 2
331 0 0
331 1 2
331 2 2
331 3 2
331 4 2
331 5 2
331 6 2
331 7 2
331 8 2
331 9 2
331 10 2
331 11 2
331 12 2
331 13 2
331 14 2
331 15 2
331 16 2
331 17 2
331 18 2
331 19 2
331 20 2
331 21 2
331 22 2
331 23 2
331 24 2
331 25 2
331 26 2
331 27 2
331 28 2
331 29 2
331 30 2
331 31 2
331 32 2
331 33 2
331 34 2
331 35 2
331 36 2
331 37 2
331 38 2
331 39 2
331 40 2
331 41 2
331 42 2
331 43 2
331 44 2
331 45 2
331 46 2
331 47 2
331 48 2
331 49 2
331 50 2
336 0 0
336 1 2
336 2 2
336 3 2
336 4 2
336 5 2
336 6 2
336 7 2
336 8 2
336 9 2
336 10 2
336 11 2
336 12 2
336 13 2
336 14 2
336 15 2
336 16 2
336 17 2
336 18 2
336 19 2
336 20 2
336 21 2
336 22 2
336 23 2
336 24 2
336 25 2
336 26 2
336 27 2
336 28 2
336 29 2
336 30 2
336 31 2
336 32 2
336 33 2
336 34 2
336 35 2
336 36 2
336 37 2
336 38 2
336 39 2
336 40 2
336 41 2
336 42 2
336 43 2
336 44 2
336 45 2
336 46 2
336 47 2
336 48 2
336 49 2
336 50 2
341 0 0
341 1 2
341 2 2
341 3 2
341 4 2
341 5 2
341 6 2
341 7 2
341 8 2
341 9 2
341 10 2
341 11 2
341 12 2
341 13 2
341 14 2
341 15 2
341 16 2
341 17 2
341 18 2
341 19 2
341 20 2
341 21 2
341 22 2
341 23 2
341 24 2
341 25 2
341 26 2
341 27 2
341 28 2
341 29 2
341 30 2
341 31 2
341 32 2
341 33 2
341 34 2
341 35 2
341 36 2
341 37 2
341 38 2
341 39 2
341 40 2
341 41 2
341 42 2
341 43 2
341 44 2
341 45 2
341 46 2
341 47 2
341 48 2
341 49 2
341 50 2
346 0 0
346 1 2
346 2 2
346 3 2
346 4 2
346 5 2
346 6 2
346 7 2
346 8 2
346 9 2
346 10 2
346 11 2
346 12 2
346 13 2
346 14 2
346 15 2
346 16 2
346 17 2
346 18 2
346 19 2
346 20 2
346 21 2
346 22 2
346 23 2
346 24 2
346 25 2
346 26 2
346 27 2
346 28 2
346 29 2
346 30 2
346 31 2
346 32 2
346 33 2
346 34 2
346 35 2
346 36 2
346 37 2
346 38 2
346 39 2
346 40 2
346 41 2
346 42 2
346 43 2
346 44 2
346 45 2
346 46 2
346 47 2
346 48 2
346 49 2
346 50 2
351 0 0
351 1 2
351 2 2
351 3 2
351 4 2
351 5 2
351 6 2
351 7 2
351 8 2
351 9 2
351 10 2
351 11 2
351 12 2
351 13 2
351 14 2
351 15 2
351 16 2
351 17 2
351 18 2
351 19 2
351 20 2
351 21 2
351 22 2
351 23 2
351 24 2
351 25 2
351 26 2
351 27 2
351 28 2
351 29 2
351 30 2
351 31 2
351 32 2
351 33 2
351 34 2
351 35 2
351 36 2
351 37 2
351 38 2
351 39 2
351 40 2
351 41 2
351 42 2
351 43 2
351 44 2
351 45 2
351 46 2
351 47 2
351 48 2
351 49 2
351 50 2
356 0 0
356 1 2
356 2 2
356 3 2
356 4 2
356 5 2
356 6 2
356 7 2
356 8 2
356 9 2
356 10 2
356 11 2
356 12 2
356 13 2
356 14 2
356 15 2
356 16 2
356 17 2
356 18 2
356 19 2
356 20 2
356 21 2
356 22 2
356 23 2
356 24 2
356 25 2
356 26 2
356 27 2
356 28 2
356 29 2
356 30 2
356 31 2
356 32 2
356 33 2
356 34 2
356 35 2
356 36 2
356 37 2
356 38 2
356 39 2
356 40 2
356 41 2
356 42 2
356 43 2
356 44 2
356 45 2
356 46 2
356 47 2
356 48 2
356 49 2
356 50 2
361 0 0
361 1 2
361 2 2
361 3 2
361 4 2
361 5 2
361 6 2
361 7 2
361 8 2
361 9 2
361 10 2
361 11 2
361 12 2
361 13 2
361 14 2
361 15 2
361 16 2
361 17 2
361 18 2
361 19 2
361 20 2
361 21 2
361 22 2
361 23 2
361 24 2
361 25 2
361 26 2
361 27 2
361 28 2
361 29 2
361 30 2
361 31 2
361 32 2
361 33 2
361 34 2
361 35 2
361 36 2
361 37 2
361 38 2
361 39 2
361 40 2
361 41 2
361 42 2
361 43 2
361 44 2
361 45 2
361 46 2
361 47 2
361 48 2
361 49 2
361 50 2
366 0 0
366 1 2
366 2 2
366 3 2
366 4 2
366 5 2
366 6 2
366 7 2
366 8 2
366 9 2
366 10 2
366 11 2
366 12 2
366 13 2
366 14 2
366 15 2
366 16 2
366 17 2
366 18 2
366 19 2
366 20 2
366 21 2
366 22 2
366 23 2
366 24 2
366 25 2
366 26 2
366 27 2
366 28 2
366 29 2
366 30 2
366 31 2
366 32 2
366 33 2
366 34 2
366 35 2
366 36 2
366 37 2
366 38 2
366 39 2
366 40 2
366 41 2
366 42 2
366 43 2
366 44 2
366 45 2
366 46 2
366 47 2
366 48 2
366 49 2
366 50 2
371 0 0
371 1 2
371 2 2
371 3 2
371 4 2
371 5 2
371 6 2
371 7 2
371 8 2
371 9 2
371 10 2
371 11 2
371 12 2
371 13 2
371 14 2
371 15 2
371 16 2
371 17 2
371 18 2
371 19 2
371 20 2
371 21 2
371 22 2
371 23 2
371 24 2
371 25 2
371 26 2
371 27 2
371 28 2
371 29 2
371 30 2
371 31 2
371 32 2
371 33 2
371 34 2
371 35 2
371 36 2
371 37 2
371 38 2
371 39 2
371 40 2
371 41 2
371 42 2
371 43 2
371 44 2
371 45 2
371 46 2
371 47 2
371 48 2
371 49 2
371 50 2
376 0 0
376 1 2
376 2 2
376 3 2
376 4 2
376 5 2
376 6 2
376 7 2
376 8 2
376 9 2
376 10 2
376 11 2
376 12 2
376 13 2
376 14 2
376 15 2
376 16 2
376 17 2
376 18 2
376 19 2
376 20 2
376 21 2
376 22 2
376 23 2
376 24 2
376 25 2
376 26 2
376 27 2
376 28 2
376 29 2
376 30 2
376 31 2
376 32 2
376 33 2
376 34 2
376 35 2
376 36 2
376 37 2
376 38 2
376 39 2
376 40 2
376 41 2
376 42 2
376 43 2
376 44 2
376 45 2
376 46 2
376 47 2
376 48 2
376 49 2
376 50 2
381 0 0
381 1 2
381 2 2
381 3 2
381 4 2
381 5 2
381 6 2
381 7 2
381 8 2
381 9 2
381 10 2
381 11 2
381 12 2
381 13 2
381 14 2
381 15 2
381 16 2
381 17 2
381 18 2
381 19 2
381 20 2
381 21 2
381 22 2
381 23 2
381 24 2
381 25 2
381 26 2
381 27 2
381 28 2
381 29 2
381 30 2
381 31 2
381 32 2
381 33 2
381 34 2
381 35 2
381 36 2
381 37 2
381 38 2
381 39 2
381 40 2
381 41 2
381 42 2
381 43 2
381 44 2
381 45 2
381 46 2
381 47 2
381 48 2
381 49 2
381 50 2
386 0 0
386 1 2
386 2 2
386 3 2
386 4 2
386 5 2
386 6 2
386 7 2
386 8 2
386 9 2
386 10 2
386 11 2
386 12 2
386 13 2
386 14 2
386 15 2
386 16 2
386 17 2
386 18 2
386 19 2
386 20 2
386 21 2
386 22 2
386 23 2
386 24 2
386 25 2
386 26 2
386 27 2
386 28 2
386 29 2
386 30 2
386 31 2
386 32 2
386 33 2
386 34 2
386 35 2
386 36 2
386 37 2
386 38 2
386 39 2
386 40 2
386 41 2
386 42 2
386 43 2
386 44 2
386 45 2
386 46 2
386 47 2
386 48 2
386 49 2
386 50 2
391 0 0
391 1 2
391 2 2
391 3 2
391 4 2
391 5 2
391 6 2
391 7 2
391 8 2
391 9 2
391 10 2
391 11 2
391 12 2
391 13 2
391 14 2
391 15 2
391 16 2
391 17 2
391 18 2
391 19 2
391 20 2
391 21 2
391 22 2
391 23 2
391 24 2
391 25 2
391 26 2
391 27 2
391 28 2
391 29 2
391 30 2
391 31 2
391 32 2
391 33 2
391 34 2
391 35 2
391 36 2
391 37 2
391 38 2
391 39 2
391 40 2
391 41 2
391 42 2
391 43 2
391 44 2
391 45 2
391 46 2
391 47 2
391 48 2
391 49 2
391 50 2
396 0 0
396 1 2
396 2 2
396 3 2
396 4 2
396 5 2
396 6 2
396 7 2
396 8 2
396 9 2
396 10 2
396 11 2
396 12 2
396 13 2
396 14 2
396 15 2
396 16 2
396 17 2
396 18 2
396 19 2
396 20 2
396 21 2
396 22 2
396 23 2
396 24 2
396 25 2
396 26 2
396 27 2
396 28 2
396 29 2
396 30 2
396 31 2
396 32 2
396 33 2
396 34 2
396 35 2
396 36 2
396 37 2
396 38 2
396 39 2
396 40 2
396 41 2
396 42 2
396 43 2
396 44 2
396 45 2
396 46 2
396 47 2
396 48 2
396 49 2
396 50 2
401 0 0
401 1 2
401 2 2
401 3 2
401 4 2
401 5 2
401 6 2
401 7 2
401 8 2
401 9 2
401 10 2
401 11 2
401 12 2
401 13 2
401 14 2
401 15 2
401 16 2
401 17 2
401 18 2
401 19 2
401 20 2
401 21 2
401 22 2
401 23 2
401 24 2
401 25 2
401 26 2
401 27 2
401 28 2
401 29 2
401 30 2
401 31 2
401 32 2
401 33 2
401 34 2
401 35 2
401 36 2
401 37 2
401 38 2
401 39 2
401 40 2
401 41 2
401 42 2
401 43 2
401 44 2
401 45 2
401 46 2
401 47 2
401 48 2
401 49 2
401 50 2
406 0 0
406 1 2
406 2 2
406 3 2
406 4 2
406 5 2
406 6 2
406 7 2
406 8 2
406 9 2
406 10 2
406 11 2
406 12 2
406 13 2
406 14 2
406 15 2
406 16 2
406 17 2
406 18 2
406 19 2
406 20 2
406 21 2
406 22 2
406 23 2
406 24 2
406 25 2
406 26 2
406 27 2
406 28 2
406 29 2
406 30 2
406 31 2
406 32 2
406 33 2
406 34 2
406 35 2
406 36 2
406 37 2
406 38 2
406 39 2
406 40 2
406 41 2
406 42 2
406 43 2
406 44 2
406 45 2
406 46 2
406 47 2
406 48 2
406 49 2
406 50 2
411 0 0
411 1 2
411 2 2
411 3 2
411 4 2
411 5 2
411 6 2
411 7 2
411 8 2
411 9 2
411 10 2
411 11 2
411 12 2
411 13 2
411 14 2
411 15 2
411 16 2
411 17 2
411 18 2
411 19 2
411 20 2
411 21 2
411 22 2
411 23 2
411 24 2
411 25 2
411 26 2
411 27 2
411 28 2
411 29 2
411 30 2
411 31 2
411 32 2
411 33 2
411 34 2
411 35 2
411 36 2
411 37 2
411 38 2
411 39 2
411 40 2
411 41 2
411 42 2
411 43 2
411 44 2
411 45 2
411 46 2
411 47 2
411 48 2
411 49 2
411 50 2
416 0 0
416 1 2
416 2 2
416 3 2
416 4 2
416 5 2
416 6 2
416 7 2
416 8 2
416 9 2
416 10 2
416 11 2
416 12 2
416 13 2
416 14 2
416 15 2
416 16 2
416 17 2
416 18 2
416 19 2
416 20 2
416 21 2
416 22 2
416 23 2
416 24 2
416 25 2
416 26 2
416 27 2
416 28 2
416 29 2
416 30 2
416 31 2
416 32 2
416 33 2
416 34 2
416 35 2
416 36 2
416 37 2
416 38 2
416 39 2
416 40 2
416 41 2
416 42 2
416 43 2
416 44 2
416 45 2
416 46 2
416 47 2
416 48 2
416 49 2
416 50 2
421 0 0
421 1 2
421 2 2
421 3 2
421 4 2
421 5 2
421 6 2
421 7 2
421 8 2
421 9 2
421 10 2
421 11 2
421 12 2
421 13 2
421 14 2
421 15 2
421 16 2
421 17 2
421 18 2
421 19 2
421 20 2
421 21 2
421 22 2
421 23 2
421 24 2
421 25 2
421 26 2
421 27 2
421 28 2
421 29 2
421 30 2
421 31 2
421 32 2
421 33 2
421 34 2
421 35 2
421 36 2
421 37 2
421 38 2
421 39 2
421 40 2
421 41 2
421 42 2
421 43 2
421 44 2
421 45 2
421 46 2
421 47 2
421 48 2
421 49 2
421 50 2
426 0 0
426 1 2
426 2 2
426 3 2
426 4 2
426 5 2
426 6 2
426 7 2
426 8 2
426 9 2
426 10 2
426 11 2
426 12 2
426 13 2
426 14 2
426 15 2
426 16 2
426 17 2
426 18 2
426 19 2
426 20 2
426 21 2
426 22 2
426 23 2
426 24 2
426 25 2
426 26 2
426 27 2
426 28 2
426 29 2
426 30 2
426 31 2
426 32 2
426 33 2
426 34 2
426 35 2
426 36 2
426 37 2
426 38 2
426 39 2
426 40 2
426 41 2
426 42 2
426 43 2
426 44 2
426 45 2
426 46 2
426 47 2
426 48 2
426 49 2
426 50 2
431 0 0
431 1 2
431 2 2
431 3 2
431 4 2
431 5 2
431 6 2
431 7 2
431 8 2
431 9 2
431 10 2
431 11 2
431 12 2
431 13 2
431 14 2
431 15 2
431 16 2
431 17 2
431 18 2
431 19 2
431 20 2
431 21 2
431 22 2
431 23 2
431 24 2
431 25 2
431 26 2
431 27 2
431 28 2
431 29 2
431 30 2
431 31 2
431 32 2
431 33 2
431 34 2
431 35 2
431 36 2
431 37 2
431 38 2
431 39 2
431 40 2
431 41 2
431 42 2
431 43 2
431 44 2
431 45 2
431 46 2
431 47 2
431 48 2
431 49 2
431 50 2
436 0 0
436 1 2
436 2 2
436 3 2
436 4 2
436 5 2
436 6 2
436 7 2
436 8 2
436 9 2
436 10 2
436 11 2
436 12 2
436 13 2
436 14 2
436 15 2
436 16 2
436 17 2
436 18 2
436 19 2
436 20 2
436 21 2
436 22 2
436 23 2
436 24 2
436 25 2
436 26 2
436 27 2
436 28 2
436 29 2
436 30 2
436 31 2
436 32 2
436 33 2
436 34 2
436 35 2
436 36 2
436 37 2
436 38 2
436 39 2
436 40 2
436 41 2
436 42 2
436 43 2
436 44 2
436 45 2
436 46 2
436 47 2
436 48 2
436 49 2
436 50 2
441 0 0
441 1 2
441 2 2
441 3 2
441 4 2
441 5 2
441 6 2
441 7 2
441 8 2
441 9 2
441 10 2
441 11 2
441 12 2
441 13 2
441 14 2
441 15 2
441 16 2
441 17 2
441 18 2
441 19 2
441 20 2
441 21 2
441 22 2
441 23 2
441 24 2
441 25 2
441 26 2
441 27 2
441 28 2
441 29 2
441 30 2
441 31 2
441 32 2
441 33 2
441 34 2
441 35 2
441 36 2
441 37 2
441 38 2
441 39 2
441 40 2
441 41 2
441 42 2
441 43 2
441 44 2
441 45 2
441 46 2
441 47 2
441 48 2
441 49 2
441 50 2
446 0 0
446 1 2
446 2 2
446 3 2
446 4 2
446 5 2
446 6 2
446 7 2
446 8 2
446 9 2
446 10 2
446 11 2
446 12 2
446 13 2
446 14 2
446 15 2
446 16 2
446 17 2
446 18 2
446 19 2
446 20 2
446 21 2
446 22 2
446 23 2
446 24 2
446 25 2
446 26 2
446 27 2
446 28 2
446 29 2
446 30 2
446 31 2
446 32 2
446 33 2
446 34 2
446 35 2
446 36 2
446 37 2
446 38 2
446 39 2
446 40 2
446 41 2
446 42 2
446 43 2
446 44 2
446 45 2
446 46 2
446 47 2
446 48 2
446 49 2
446 50 2
451 0 0
451 1 2
451 2 2
451 3 2
451 4 2
451 5 2
451 6 2
451 7 2
451 8 2
451 9 2
451 10 2
451 11 2
451 12 2
451 13 2
451 14 2
451 15 2
451 16 2
451 17 2
451 18 2
451 19 2
451 20 2
451 21 2
451 22 2
451 23 2
451 24 2
451 25 2
451 26 2
451 27 2
451 28 2
451 29 2
451 30 2
451 31 2
451 32 2
451 33 2
451 34 2
451 35 2
451 36 2
451 37 2
451 38 2
451 39 2
451 40 2
451 41 2
451 42 2
451 43 2
451 44 2
451 45 2
451 46 2
451 47 2
451 48 2
451 49 2
451 50 2
456 0 0
456 1 2
456 2 2
456 3 2
456 4 2
456 5 2
456 6 2
456 7 2
456 8 2
456 9 2
456 10 2
456 11 2
456 12 2
456 13 2
456 14 2
456 15 2
456 16 2
456 17 2
456 18 2
456 19 2
456 20 2
456 21 2
456 22 2
456 23 2
456 24 2
456 25 2
456 26 2
456 27 2
456 28 2
456 29 2
456 30 2
456 31 2
456 32 2
456 33 2
456 34 2
456 35 2
456 36 2
456 37 2
456 38 2
456 39 2
456 40 2
456 41 2
456 42 2
456 43 2
456 44 2
456 45 2
456 46 2
456 47 2
456 48 2
456 49 2
456 50 2
461 0 0
461 1 2
461 2 2
461 3 2
461 4 2
461 5 2
461 6 2
461 7 2
461 8 2
461 9 2
461 10 2
461 11 2
461 12 2
461 13 2
461 14 2
461 15 2
461 16 2
461 17 2
461 18 2
461 19 2
461 20 2
461 21 2
461 22 2
461 23 2
461 24 2
461 25 2
461 26 2
461 27 2
461 28 2
461 29 2
461 30 2
461 31 2
461 32 2
461 33 2
461 34 2
461 35 2
461 36 2
461 37 2
461 38 2
461 39 2
461 40 2
461 41 2
461 42 2
461 43 2
461 44 2
461 45 2
461 46 2
461 47 2
461 48 2
461 49 2
461 50 2
466 0 0
466 1 2
466 2 2
466 3 2
466 4 2
466 5 2
466 6 2
466 7 2
466 8 2
466 9 2
466 10 2
466 11 2
466 12 2
466 13 2
466 14 2
466 15 2
466 16 2
466 17 2
466 18 2
466 19 2
466 20 2
466 21 2
466 22 2
466 23 2
466 24 2
466 25 2
466 26 2
466 27 2
466 28 2
466 29 2
466 30 2
466 31 2
466 32 2
466 33 2
466 34 2
466 35 2
466 36 2
466 37 2
466 38 2
466 39 2
466 40 2
466 41 2
466 42 2
466 43 2
466 44 2
466 45 2
466 46 2
466 47 2
466 48 2
466 49 2
466 50 2
471 0 0
471 1 2
471 2 2
471 3 2
471 4 2
471 5 2
471 6 2
471 7 2
471 8 2
471 9 2
471 10 2
471 11 2
471 12 2
471 13 2
471 14 2
471 15 2
471 16 2
471 17 2
471 18 2
471 19 2
471 20 2
471 21 2
471 22 2
471 23 2
471 24 2
471 25 2
471 26 2
471 27 2
471 28 2
471 29 2
471 30 2
471 31 2
471 32 2
471 33 2
471 34 2
471 35 2
471 36 2
471 37 2
471 38 2
471 39 2
471 40 2
471 41 2
471 42 2
471 43 2
471 44 2
471 45 2
471 46 2
471 47 2
471 48 2
471 49 2
471 50 2
476 0 0
476 1 2
476 2 2
476 3 2
476 4 2
476 5 2
476 6 2
476 7 2
476 8 2
476 9 2
476 10 2
476 11 2
476 12 2
476 13 2
476 14 2
476 15 2
476 16 2
476 17 2
476 18 2
476 19 2
476 20 2
476 21 2
476 22 2
476 23 2
476 24 2
476 25 2
476 26 2
476 27 2
476 28 2
476 29 2
476 30 2
476 31 2
476 32 2
476 33 2
476 34 2
476 35 2
476 36 2
476 37 2
476 38 2
476 39 2
476 40 2
476 41 2
476 42 2
476 43 2
476 44 2
476 45 2
476 46 2
476 47 2
476 48 2
476 49 2
476 50 2
481 0 0
481 1 2
481 2 2
481 3 2
481 4 2
481 5 2
481 6 2
481 7 2
481 8 2
481 9 2
481 10 2
481 11 2
481 12 2
481 13 2
481 14 2
481 15 2
481 16 2
481 17 2
481 18 2
481 19 2
481 20 2
481 21 2
481 22 2
481 23 2
481 24 2
481 25 2
481 26 2
481 27 2
481 28 2
481 29 2
481 30 2
481 31 2
481 32 2
481 33 2
481 34 2
481 35 2
481 36 2
481 37 2
481 38 2
481 39 2
481 40 2
481 41 2
481 42 2
481 43 2
481 44 2
481 45 2
481 46 2
481 47 2
481 48 2
481 49 2
481 50 2
486 0 0
486 1 2
486 2 2
486 3 2
486 4 2
486 5 2
486 6 2
486 7 2
486 8 2
486 9 2
486 10 2
486 11 2
486 12 2
486 13 2
486 14 2
486 15 2
486 16 2
486 17 2
486 18 2
486 19 2
486 20 2
486 21 2
486 22 2
486 23 2
486 24 2
486 25 2
486 26 2
486 27 2
486 28 2
486 29 2
486 30 2
486 31 2
486 32 2
486 33 2
486 34 2
486 35 2
486 36 2
486 37 2
486 38 2
486 39 2
486 40 2
486 41 2
486 42 2
486 43 2
486 44 2
486 45 2
486 46 2
486 47 2
486 48 2
486 49 2
486 50 2
491 0 0
491 1 2
491 2 2
491 3 2
491 4 2
491 5 2
491 6 2
491 7 2
491 8 2
491 9 2
491 10 2
491 11 2
491 12 2
491 13 2
491 14 2
491 15 2
491 16 2
491 17 2
491 18 2
491 19 2
491 20 2
491 21 2
491 22 2
491 23 2
491 24 2
491 25 2
491 26 2
491 27 2
491 28 2
491 29 2
491 30 2
491 31 2
491 32 2
491 33 2
491 34 2
491 35 2
491 36 2
491 37 2
491 38 2
491 39 2
491 40 2
491 41 2
491 42 2
491 43 2
491 44 2
491 45 2
491 46 2
491 47 2
491 48 2
491 49 2
491 50 2
496 0 0
496 1 2
496 2 2
496 3 2
496 4 2
496 5 2
496 6 2
496 7 2
496 8 2
496 9 2
496 10 2
496 11 2
496 12 2
496 13 2
496 14 2
496 15 2
496 16 2
496 17 2
496 18 2
496 19 2
496 20 2
496 21 2
496 22 2
496 23 2
496 24 2
496 25 2
496 26 2
496 27 2
496 28 2
496 29 2
496 30 2
496 31 2
496 32 2
496 33 2
496 34 2
496 35 2
496 36 2
496 37 2
496 38 2
496 39 2
496 40 2
496 41 2
496 42 2
496 43 2
496 44 2
496 45 2
496 46 2
496 47 2
496 48 2
496 49 2
496 50 2
501 0 0
501 1 2
501 2 2
501 3 2
501 4 2
501 5 2
501 6 2
501 7 2
501 8 2
501 9 2
501 10 2
501 11 2
501 12 2
501 13 2
501 14 2
501 15 2
501 16 2
501 17 2
501 18 2
501 19 2
501 20 2
501 21 2
501 22 2
501 23 2
501 24 2
501 25 2
501 26 2
501 27 2
501 28 2
501 29 2
501 30 2
501 31 2
501 32 2
501 33 2
501 34 2
501 35 2
501 36 2
501 37 2
501 38 2
501 39 2
501 40 2
501 41 2
501 42 2
501 43 2
501 44 2
501 45 2
501 46 2
501 47 2
501 48 2
501 49 2
501 50 2
506 0 0
506 1 2
506 2 2
506 3 2
506 4 2
506 5 2
506 6 2
506 7 2
506 8 2
506 9 2
506 10 2
506 11 2
506 12 2
506 13 2
506 14 2
506 15 2
506 16 2
506 17 2
506 18 2
506 19 2
506 20 2
506 21 2
506 22 2
506 23 2
506 24 2
506 25 2
506 26 2
506 27 2
506 28 2
506 29 2
506 30 2
506 31 2
506 32 2
506 33 2
506 34 2
506 35 2
506 36 2
506 37 2
506 38 2
506 39 2
506 40 2
506 41 2
506 42 2
506 43 2
506 44 2
506 45 2
506 46 2
506 47 2
506 48 2
506 49 2
506 50 2
511 0 0
511 1 2
511 2 2
511 3 2
511 4 2
511 5 2
511 6 2
511 7 2
511 8 2
511 9 2
511 10 2
511 11 2
511 12 2
511 13 2
511 14 2
511 15 2
511 16 2
511 17 2
511 18 2
511 19 2
511 20 2
511 21 2
511 22 2
511 23 2
511 24 2
511 25 2
511 26 2
511 27 2
511 28 2
511 29 2
511 30 2
511 31 2
511 32 2
511 33 2
511 34 2
511 35 2
511 36 2
511 37 2
511 38 2
511 39 2
511 40 2
511 41 2
511 42 2
511 43 2
511 44 2
511 45 2
511 46 2
511 47 2
511 48 2
511 49 2
511 50 2
516 0 0
516 1 2
516 2 2
516 3 2
516 4 2
516 5 2
516 6 2
516 7 2
516 8 2
516 9 2
516 10 2
516 11 2
516 12 2
516 13 2
516 14 2
516 15 2
516 16 2
516 17 2
516 18 2
516 19 2
516 20 2
516 21 2
516 22 2
516 23 2
516 24 2
516 25 2
516 26 2
516 27 2
516 28 2
516 29 2
516 30 2
516 31 2
516 32 2
516 33 2
516 34 2
516 35 2
516 36 2
516 37 2
516 38 2
516 39 2
516 40 2
516 41 2
516 42 2
516 43 2
516 44 2
516 45 2
516 46 2
516 47 2
516 48 2
516 49 2
516 50 2
521 0 0
521 1 2
521 2 2
521 3 2
521 4 2
521 5 2
521 6 2
521 7 2
521 8 2
521 9 2
521 10 2
521 11 2
521 12 2
521 13 2
521 14 2
521 15 2
521 16 2
521 17 2
521 18 2
521 19 2
521 20 2
521 21 2
521 22 2
521 23 2
521 24 2
521 25 2
521 26 2
521 27 2
521 28 2
521 29 2
521 30 2
521 31 2
521 32 2
521 33 2
521 34 2
521 35 2
521 36 2
521 37 2
521 38 2
521 39 2
521 40 2
521 41 2
521 42 2
521 43 2
521 44 2
521 45 2
521 46 2
521 47 2
521 48 2
521 49 2
521 50 2
526 0 0
526 1 2
526 2 2
526 3 2
526 4 2
526 5 2
526 6 2
526 7 2
526 8 2
526 9 2
526 10 2
526 11 2
526 12 2
526 13 2
526 14 2
526 15 2
526 16 2
526 17 2
526 18 2
526 19 2
526 20 2
526 21 2
526 22 2
526 23 2
526 24 2
526 25 2
526 26 2
526 27 2
526 28 2
526 29 2
526 30 2
526 31 2
526 32 2
526 33 2
526 34 2
526 35 2
526 36 2
526 37 2
526 38 2
526 39 2
526 40 2
526 41 2
526 42 2
526 43 2
526 44 2
526 45 2
526 46 2
526 47 2
526 48 2
526 49 2
526 50 2
531 0 0
531 1 2
531 2 2
531 3 2
531 4 2
531 5 2
531 6 2
531 7 2
531 8 2
531 9 2
531 10 2
531 11 2
531 12 2
531 13 2
531 14 2
531 15 2
531 16 2
531 17 2
531 18 2
531 19 2
531 20 2
531 21 2
531 22 2
531 23 2
531 24 2
531 25 2
531 26 2
531 27 2
531 28 2
531 29 2
531 30 2
531 31 2
531 32 2
531 33 2
531 34 2
531 35 2
531 36 2
531 37 2
531 38 2
531 39 2
531 40 2
531 41 2
531 42 2
531 43 2
531 44 2
531 45 2
531 46 2
531 47 2
531 48 2
531 49 2
531 50 2
536 0 0
536 1 2
536 2 2
536 3 2
536 4 2
536 5 2
536 6 2
536 7 2
536 8 2
536 9 2
536 10 2
536 11 2
536 12 2
536 13 2
536 14 2
536 15 2
536 16 2
536 17 2
536 18 2
536 19 2
536 20 2
536 21 2
536 22 2
536 23 2
536 24 2
536 25 2
536 26 2
536 27 2
536 28 2
536 29 2
536 30 2
536 31 2
536 32 2
536 33 2
536 34 2
536 35 2
536 36 2
536 37 2
536 38 2
536 39 2
536 40 2
536 41 2
536 42 2
536 43 2
536 44 2
536 45 2
536 46 2
536 47 2
536 48 2
536 49 2
536 50 2
541 0 0
541 1 2
541 2 2
541 3 2
541 4 2
541 5 2
541 6 2
541 7 2
541 8 2
541 9 2
541 10 2
541 11 2
541 12 2
541 13 2
541 14 2
541 15 2
541 16 2
541 17 2
541 18 2
541 19 2
541 20 2
541 21 2
541 22 2
541 23 2
541 24 2
541 25 2
541 26 2
541 27 2
541 28 2
541 29 2
541 30 2
541 31 2
541 32 2
541 33 2
541 34 2
541 35 2
541 36 2
541 37 2
541 38 2
541 39 2
541 40 2
541 41 2
541 42 2
541 43 2
541 44 2
541 45 2
541 46 2
541 47 2
541 48 2
541 49 2
541 50 2
546 0 0
546 1 2
546 2 2
546 3 2
546 4 2
546 5 2
546 6 2
546 7 2
546 8 2
546 9 2
546 10 2
546 11 2
546 12 2
546 13 2
546 14 2
546 15 2
546 16 2
546 17 2
546 18 2
546 19 2
546 20 2
546 21 2
546 22 2
546 23 2
546 24 2
546 25 2
546 26 2
546 27 2
546 28 2
546 29 2
546 30 2
546 31 2
546 32 2
546 33 2
546 34 2
546 35 2
546 36 2
546 37 2
546 38 2
546 39 2
546 40 2
546 41 2
546 42 2
546 43 2
546 44 2
546 45 2
546 46 2
546 47 2
546 48 2
546 49 2
546 50 2
551 0 0
551 1 2
551 2 2
551 3 2
551 4 2
551 5 2
551 6 2
551 7 2
551 8 2
551 9 2
551 10 2
551 11 2
551 12 2
551 13 2
551 14 2
551 15 2
551 16 2
551 17 2
551 18 2
551 19 2
551 20 2
551 21 2
551 22 2
551 23 2
551 24 2
551 25 2
551 26 2
551 27 2
551 28 2
551 29 2
551 30 2
551 31 2
551 32 2
551 33 2
551 34 2
551 35 2
551 36 2
551 37 2
551 38 2
551 39 2
551 40 2
551 41 2
551 42 2
551 43 2
551 44 2
551 45 2
551 46 2
551 47 2
551 48 2
551 49 2
551 50 2
556 0 0
556 1 2
556 2 2
556 3 2
556 4 2
556 5 2
556 6 2
556 7 2
556 8 2
556 9 2
556 10 2
556 11 2
556 12 2
556 13 2
556 14 2
556 15 2
556 16 2
556 17 2
556 18 2
556 19 2
556 20 2
556 21 2
556 22 2
556 23 2
556 24 2
556 25 2
556 26 2
556 27 2
556 28 2
556 29 2
556 30 2
556 31 2
556 32 2
556 33 2
556 34 2
556 35 2
556 36 2
556 37 2
556 38 2
556 39 2
556 40 2
556 41 2
556 42 2
556 43 2
556 44 2
556 45 2
556 46 2
556 47 2
556 48 2
556 49 2
556 50 2
561 0 0
561 1 2
561 2 2
561 3 2
561 4 2
561 5 2
561 6 2
561 7 2
561 8 2
561 9 2
561 10 2
561 11 2
561 12 2
561 13 2
561 14 2
561 15 2
561 16 2
561 17 2
561 18 2
561 19 2
561 20 2
561 21 2
561 22 2
561 23 2
561 24 2
561 25 2
561 26 2
561 27 2
561 28 2
561 29 2
561 30 2
561 31 2
561 32 2
561 33 2
561 34 2
561 35 2
561 36 2
561 37 2
561 38 2
561 39 2
561 40 2
561 41 2
561 42 2
561 43 2
561 44 2
561 45 2
561 46 2
561 47 2
561 48 2
561 49 2
561 50 2
566 0 0
566 1 2
566 2 2
566 3 2
566 4 2
566 5 2
566 6 2
566 7 2
566 8 2
566 9 2
566 10 2
566 11 2
566 12 2
566 13 2
566 14 2
566 15 2
566 16 2
566 17 2
566 18 2
566 19 2
566 20 2
566 21 2
566 22 2
566 23 2
566 24 2
566 25 2
566 26 2
566 27 2
566 28 2
566 29 2
566 30 2
566 31 2
566 32 2
566 33 2
566 34 2
566 35 2
566 36 2
566 37 2
566 38 2
566 39 2
566 40 2
566 41 2
566 42 2
566 43 2
566 44 2
566 45 2
566 46 2
566 47 2
566 48 2
566 49 2
566 50 2
571 0 0
571 1 2
571 2 2
571 3 2
571 4 2
571 5 2
571 6 2
571 7 2
571 8 2
571 9 2
571 10 2
571 11 2
571 12 2
571 13 2
571 14 2
571 15 2
571 16 2
571 17 2
571 18 2
571 19 2
571 20 2
571 21 2
571 22 2
571 23 2
571 24 2
571 25 2
571 26 2
571 27 2
571 28 2
571 29 2
571 30 2
571 31 2
571 32 2
571 33 2
571 34 2
571 35 2
571 36 2
571 37 2
571 38 2
571 39 2
571 40 2
571 41 2
571 42 2
571 43 2
571 44 2
571 45 2
571 46 2
571 47 2
571 48 2
571 49 2
571 50 2
576 0 0
576 1 2
576 2 2
576 3 2
576 4 2
576 5 2
576 6 2
576 7 2
576 8 2
576 9 2
576 10 2
576 11 2
576 12 2
576 13 2
576 14 2
576 15 2
576 16 2
576 17 2
576 18 2
576 19 2
576 20 2
576 21 2
576 22 2
576 23 2
576 24 2
576 25 2
576 26 2
576 27 2
576 28 2
576 29 2
576 30 2
576 31 2
576 32 2
576 33 2
576 34 2
576 35 2
576 36 2
576 37 2
576 38 2
576 39 2
576 40 2
576 41 2
576 42 2
576 43 2
576 44 2
576 45 2
576 46 2
576 47 2
576 48 2
576 49 2
576 50 2


