700 0 0
700 1 1
700 2 2
700 3 2
700 4 2
700 5 2
700 6 2
700 7 2
700 8 2
700 9 2
700 10 2
700 11 2
700 12 2
700 13 2
700 14 2
700 15 2
700 16 2
700 17 2
700 18 2
700 19 2
700 20 2
700 21 2
700 22 2
700 23 2
700 24 2
700 25 2
700 26 2
700 27 2
700 28 2
700 29 2
700 30 2
700 31 2
700 32 2
700 33 2
700 34 2
700 35 2
700 36 2
700 37 2
700 38 2
700 39 2
700 40 2
700 41 2
700 42 2
700 43 2
700 44 2
700 45 2
700 46 2
700 47 2
700 48 2
700 49 2
700 50 2
705 0 0
705 1 0
705 2 2
705 3 2
705 4 2
705 5 2
705 6 2
705 7 2
705 8 2
705 9 2
705 10 2
705 11 2
705 12 2
705 13 2
705 14 2
705 15 2
705 16 2
705 17 2
705 18 2
705 19 2
705 20 2
705 21 2
705 22 2
705 23 2
705 24 2
705 25 2
705 26 2
705 27 2
705 28 2
705 29 2
705 30 2
705 31 2
705 32 2
705 33 2
705 34 2
705 35 2
705 36 2
705 37 2
705 38 2
705 39 2
705 40 2
705 41 2
705 42 2
705 43 2
705 44 2
705 45 2
705 46 2
705 47 2
705 48 2
705 49 2
705 50 2
710 0 0
710 1 1
710 2 2
710 3 2
710 4 2
710 5 2
710 6 2
710 7 2
710 8 2
710 9 2
710 10 2
710 11 2
710 12 2
710 13 2
710 14 2
710 15 2
710 16 2
710 17 2
710 18 2
710 19 2
710 20 2
710 21 2
710 22 2
710 23 2
710 24 2
710 25 2
710 26 2
710 27 2
710 28 2
710 29 2
710 30 2
710 31 2
710 32 2
710 33 2
710 34 2
710 35 2
710 36 2
710 37 2
710 38 2
710 39 2
710 40 2
710 41 2
710 42 2
710 43 2
710 44 2
710 45 2
710 46 2
710 47 2
710 48 2
710 49 2
710 50 2
715 0 0
715 1 0
715 2 1
715 3 2
715 4 2
715 5 2
715 6 2
715 7 2
715 8 2
715 9 2
715 10 2
715 11 2
715 12 2
715 13 2
715 14 2
715 15 2
715 16 2
715 17 2
715 18 2
715 19 2
715 20 2
715 21 2
715 22 2
715 23 2
715 24 2
715 25 2
715 26 2
715 27 2
715 28 2
715 29 2
715 30 2
715 31 2
715 32 2
715 33 2
715 34 2
715 35 2
715 36 2
715 37 2
715 38 2
715 39 2
715 40 2
715 41 2
715 42 2
715 43 2
715 44 2
715 45 2
715 46 2
715 47 2
715 48 2
715 49 2
715 50 2
720 0 0
720 1 0
720 2 1
720 3 2
720 4 2
720 5 2
720 6 2
720 7 2
720 8 2
720 9 2
720 10 2
720 11 2
720 12 2
720 13 2
720 14 2
720 15 2
720 16 2
720 17 2
720 18 2
720 19 2
720 20 2
720 21 2
720 22 2
720 23 2
720 24 2
720 25 2
720 26 2
720 27 2
720 28 2
720 29 2
720 30 2
720 31 2
720 32 2
720 33 2
720 34 2
720 35 2
720 36 2
720 37 2
720 38 2
720 39 2
720 40 2
720 41 2
720 42 2
720 43 2
720 44 2
720 45 2
720 46 2
720 47 2
720 48 2
720 49 2
720 50 2
725 0 0
725 1 0
725 2 2
725 3 2
725 4 2
725 5 2
725 6 2
725 7 2
725 8 2
725 9 2
725 10 2
725 11 2
725 12 2
725 13 2
725 14 2
725 15 2
725 16 2
725 17 2
725 18 2
725 19 2
725 20 2
725 21 2
725 22 2
725 23 2
725 24 2
725 25 2
725 26 2
725 27 2
725 28 2
725 29 2
725 30 2
725 31 2
725 32 2
725 33 2
725 34 2
725 35 2
725 36 2
725 37 2
725 38 2
725 39 2
725 40 2
725 41 2
725 42 2
725 43 2
725 44 2
725 45 2
725 46 2
725 47 2
725 48 2
725 49 2
725 50 2
730 0 0
730 1 0
730 2 0
730 3 2
730 4 2
730 5 2
730 6 2
730 7 2
730 8 2
730 9 2
730 10 2
730 11 2
730 12 2
730 13 2
730 14 2
730 15 2
730 16 2
730 17 2
730 18 2
730 19 2
730 20 2
730 21 2
730 22 2
730 23 2
730 24 2
730 25 2
730 26 2
730 27 2
730 28 2
730 29 2
730 30 2
730 31 2
730 32 2
730 33 2
730 34 2
730 35 2
730 36 2
730 37 2
730 38 2
730 39 2
730 40 2
730 41 2
730 42 2
730 43 2
730 44 2
730 45 2
730 46 2
730 47 2
730 48 2
730 49 2
730 50 2
735 0 0
735 1 0
735 2 0
735 3 1
735 4 2
735 5 2
735 6 2
735 7 2
735 8 2
735 9 2
735 10 2
735 11 2
735 12 2
735 13 2
735 14 2
735 15 2
735 16 2
735 17 2
735 18 2
735 19 2
735 20 2
735 21 2
735 22 2
735 23 2
735 24 2
735 25 2
735 26 2
735 27 2
735 28 2
735 29 2
735 30 2
735 31 2
735 32 2
735 33 2
735 34 2
735 35 2
735 36 2
735 37 2
735 38 2
735 39 2
735 40 2
735 41 2
735 42 2
735 43 2
735 44 2
735 45 2
735 46 2
735 47 2
735 48 2
735 49 2
735 50 2
740 0 0
740 1 0
740 2 1
740 3 1
740 4 1
740 5 2
740 6 2
740 7 2
740 8 2
740 9 2
740 10 2
740 11 2
740 12 2
740 13 2
740 14 2
740 15 2
740 16 2
740 17 2
740 18 2
740 19 2
740 20 2
740 21 2
740 22 2
740 23 2
740 24 2
740 25 2
740 26 2
740 27 2
740 28 2
740 29 2
740 30 2
740 31 2
740 32 2
740 33 2
740 34 2
740 35 2
740 36 2
740 37 2
740 38 2
740 39 2
740 40 2
740 41 2
740 42 2
740 43 2
740 44 2
740 45 2
740 46 2
740 47 2
740 48 2
740 49 2
740 50 2
745 0 0
745 1 0
745 2 0
745 3 1
745 4 2
745 5 2
745 6 2
745 7 2
745 8 2
745 9 2
745 10 2
745 11 2
745 12 2
745 13 2
745 14 2
745 15 2
745 16 2
745 17 2
745 18 2
745 19 2
745 20 2
745 21 2
745 22 2
745 23 2
745 24 2
745 25 2
745 26 2
745 27 2
745 28 2
745 29 2
745 30 2
745 31 2
745 32 2
745 33 2
745 34 2
745 35 2
745 36 2
745 37 2
745 38 2
745 39 2
745 40 2
745 41 2
745 42 2
745 43 2
745 44 2
745 45 2
745 46 2
745 47 2
745 48 2
745 49 2
745 50 2
750 0 0
750 1 0
750 2 0
750 3 1
750 4 2
750 5 2
750 6 2
750 7 2
750 8 2
750 9 2
750 10 2
750 11 2
750 12 2
750 13 2
750 14 2
750 15 2
750 16 2
750 17 2
750 18 2
750 19 2
750 20 2
750 21 2
750 22 2
750 23 2
750 24 2
750 25 2
750 26 2
750 27 2
750 28 2
750 29 2
750 30 2
750 31 2
750 32 2
750 33 2
750 34 2
750 35 2
750 36 2
750 37 2
750 38 2
750 39 2
750 40 2
750 41 2
750 42 2
750 43 2
750 44 2
750 45 2
750 46 2
750 47 2
750 48 2
750 49 2
750 50 2
755 0 0
755 1 0
755 2 0
755 3 1
755 4 2
755 5 2
755 6 2
755 7 2
755 8 2
755 9 2
755 10 2
755 11 2
755 12 2
755 13 2
755 14 2
755 15 2
755 16 2
755 17 2
755 18 2
755 19 2
755 20 2
755 21 2
755 22 2
755 23 2
755 24 2
755 25 2
755 26 2
755 27 2
755 28 2
755 29 2
755 30 2
755 31 2
755 32 2
755 33 2
755 34 2
755 35 2
755 36 2
755 37 2
755 38 2
755 39 2
755 40 2
755 41 2
755 42 2
755 43 2
755 44 2
755 45 2
755 46 2
755 47 2
755 48 2
755 49 2
755 50 2


